time	V(n001)	V(n002)	I(L1)	I(R1)	I(V1)
0.000000000000000e+00	0.000000e+00	0.000000e+00	0.000000e+00	0.000000e+00	0.000000e+00
1.185831811266668e-04	7.451377e-03	7.451327e-03	5.533212e-07	5.533212e-07	-5.533212e-07
2.371663622533336e-04	1.490144e-02	1.489908e-02	2.209230e-06	2.209230e-06	-2.209230e-06
3.557495433800004e-04	2.235018e-02	2.234326e-02	4.967727e-06	4.967727e-06	-4.967727e-06
4.743327245066672e-04	2.979760e-02	2.978387e-02	8.828811e-06	8.828811e-06	-8.828811e-06
5.929159056333340e-04	3.724371e-02	3.722091e-02	1.379248e-05	1.379248e-05	-1.379248e-05
7.114990867600008e-04	4.468850e-02	4.465437e-02	1.985874e-05	1.985874e-05	-1.985874e-05
8.300822678866673e-04	5.213197e-02	5.208426e-02	2.702759e-05	2.702759e-05	-2.702759e-05
1.660162868785958e-03	1.041221e-01	1.039373e-01	9.907025e-05	9.907025e-05	-9.907025e-05
2.636725368785958e-03	1.649135e-01	1.645260e-01	2.323842e-04	2.323842e-04	-2.323842e-04
3.613287868785958e-03	2.250843e-01	2.244502e-01	4.223137e-04	4.223137e-04	-4.223137e-04
4.589850368785958e-03	2.844079e-01	2.834700e-01	6.703211e-04	6.703211e-04	-6.703211e-04
5.566412868785958e-03	3.426611e-01	3.413633e-01	9.754146e-04	9.754146e-04	-9.754146e-04
6.542975368785958e-03	3.996246e-01	3.979122e-01	1.336388e-03	1.336388e-03	-1.336388e-03
7.519537868785958e-03	4.550840e-01	4.529039e-01	1.751824e-03	1.751824e-03	-1.751824e-03
8.496100368785958e-03	5.088305e-01	5.061316e-01	2.220101e-03	2.220101e-03	-2.220101e-03
9.472662868785958e-03	5.606619e-01	5.573950e-01	2.739399e-03	2.739399e-03	-2.739399e-03
1.044922536878596e-02	6.103832e-01	6.065011e-01	3.307704e-03	3.307704e-03	-3.307704e-03
1.142578786878596e-02	6.578070e-01	6.532652e-01	3.922821e-03	3.922821e-03	-3.922821e-03
1.240235036878596e-02	7.027550e-01	6.975114e-01	4.582376e-03	4.582376e-03	-4.582376e-03
1.337891286878596e-02	7.450581e-01	7.390732e-01	5.283828e-03	5.283828e-03	-5.283828e-03
1.435547536878596e-02	7.845569e-01	7.777941e-01	6.024481e-03	6.024481e-03	-6.024481e-03
1.630860036878596e-02	8.545582e-01	8.461422e-01	7.611867e-03	7.611867e-03	-7.611867e-03
1.826172536878596e-02	9.117062e-01	9.015281e-01	9.320198e-03	9.320198e-03	-9.320198e-03
2.021485036878596e-02	9.551413e-01	9.431192e-01	1.112332e-02	1.112332e-02	-1.112332e-02
2.216797536878596e-02	9.842102e-01	9.702904e-01	1.299365e-02	1.299365e-02	-1.299365e-02
2.412110036878596e-02	9.984756e-01	9.826335e-01	1.490260e-02	1.490260e-02	-1.490260e-02
2.607422536878596e-02	9.977230e-01	9.799632e-01	1.682100e-02	1.682100e-02	-1.682100e-02
2.802735036878596e-02	9.819638e-01	9.623203e-01	1.871955e-02	1.871955e-02	-1.871955e-02
2.998047536878596e-02	9.514349e-01	9.299704e-01	2.056922e-02	2.056922e-02	-2.056922e-02
3.193360036878596e-02	9.065955e-01	8.834007e-01	2.234174e-02	2.234174e-02	-2.234174e-02
3.388672536878596e-02	8.481202e-01	8.233121e-01	2.401001e-02	2.401001e-02	-2.401001e-02
3.583985036878596e-02	7.768882e-01	7.506087e-01	2.554847e-02	2.554847e-02	-2.554847e-02
3.779297536878596e-02	6.939712e-01	6.663846e-01	2.693354e-02	2.693354e-02	-2.693354e-02
3.974610036878596e-02	6.006162e-01	5.719070e-01	2.814392e-02	2.814392e-02	-2.814392e-02
4.169922536878596e-02	4.982273e-01	4.685975e-01	2.916097e-02	2.916097e-02	-2.916097e-02
4.365235036878596e-02	3.883447e-01	3.580103e-01	2.996893e-02	2.996893e-02	-2.996893e-02
4.560547536878596e-02	2.726209e-01	2.418092e-01	3.055521e-02	3.055521e-02	-3.055521e-02
4.755860036878596e-02	1.527968e-01	1.217425e-01	3.091055e-02	3.091055e-02	-3.091055e-02
4.951172536878596e-02	3.067439e-02	-3.836173e-04	3.102914e-02	3.102914e-02	-3.102914e-02
5.146485036878596e-02	-9.190937e-02	-1.227317e-01	3.090877e-02	3.090877e-02	-3.090877e-02
5.341797536878596e-02	-2.131107e-01	-2.434610e-01	3.055079e-02	3.055079e-02	-3.055079e-02
5.537110036878596e-02	-3.311067e-01	-3.607553e-01	2.996014e-02	2.996014e-02	-2.996014e-02
5.732422536878596e-02	-4.441225e-01	-4.728499e-01	2.914528e-02	2.914528e-02	-2.914528e-02
5.927735036878596e-02	-5.504583e-01	-5.780584e-01	2.811801e-02	2.811801e-02	-2.811801e-02
6.123047536878596e-02	-6.485147e-01	-6.747978e-01	2.689333e-02	2.689333e-02	-2.689333e-02
6.318360036878595e-02	-7.368168e-01	-7.616128e-01	2.548924e-02	2.548924e-02	-2.548924e-02
6.513672536878595e-02	-8.140365e-01	-8.371971e-01	2.392641e-02	2.392641e-02	-2.392641e-02
6.708985036878595e-02	-8.790124e-01	-9.004132e-01	2.222791e-02	2.222791e-02	-2.222791e-02
6.904297536878595e-02	-9.307671e-01	-9.503101e-01	2.041885e-02	2.041885e-02	-2.041885e-02
7.099610036878595e-02	-9.685222e-01	-9.861369e-01	1.852599e-02	1.852599e-02	-1.852599e-02
7.294922536878595e-02	-9.917098e-01	-1.007354e+00	1.657738e-02	1.657738e-02	-1.657738e-02
7.490235036878595e-02	-9.999812e-01	-1.013642e+00	1.460189e-02	1.460189e-02	-1.460189e-02
7.685547536878595e-02	-9.932119e-01	-1.004906e+00	1.262879e-02	1.262879e-02	-1.262879e-02
7.880860036878595e-02	-9.715038e-01	-9.812770e-01	1.068733e-02	1.068733e-02	-1.068733e-02
8.076172536878595e-02	-9.351833e-01	-9.431097e-01	8.806286e-03	8.806286e-03	-8.806286e-03
8.271485036878595e-02	-8.847969e-01	-8.909779e-01	7.013508e-03	7.013508e-03	-7.013508e-03
8.369141286878595e-02	-8.545578e-01	-8.599123e-01	6.158575e-03	6.158575e-03	-6.158575e-03
8.466797536878595e-02	-8.211023e-01	-8.256652e-01	5.335534e-03	5.335534e-03	-5.335534e-03
8.564453786878595e-02	-7.845563e-01	-7.883655e-01	4.547428e-03	4.547428e-03	-4.547428e-03
8.662110036878595e-02	-7.450575e-01	-7.481536e-01	3.797170e-03	3.797170e-03	-3.797170e-03
8.759766286878595e-02	-7.027544e-01	-7.051808e-01	3.087531e-03	3.087531e-03	-3.087531e-03
8.857422536878595e-02	-6.578064e-01	-6.596085e-01	2.421127e-03	2.421127e-03	-2.421127e-03
8.955078786878595e-02	-6.103825e-01	-6.116086e-01	1.800414e-03	1.800414e-03	-1.800414e-03
9.052735036878595e-02	-5.606613e-01	-5.613613e-01	1.227673e-03	1.227673e-03	-1.227673e-03
9.150391286878595e-02	-5.088298e-01	-5.090560e-01	7.050074e-04	7.050074e-04	-7.050074e-04
9.248047536878595e-02	-4.550832e-01	-4.548894e-01	2.343305e-04	2.343305e-04	-2.343305e-04
9.345703786878595e-02	-3.996238e-01	-3.990651e-01	-1.826395e-04	-1.826395e-04	1.826395e-04
9.443360036878595e-02	-3.426603e-01	-3.417935e-01	-5.443865e-04	-5.443865e-04	5.443865e-04
9.541016286878595e-02	-2.844071e-01	-2.832899e-01	-8.496024e-04	-8.496024e-04	8.496024e-04
9.638672536878595e-02	-2.250835e-01	-2.237745e-01	-1.097191e-03	-1.097191e-03	1.097191e-03
9.736328786878595e-02	-1.649127e-01	-1.634713e-01	-1.286275e-03	-1.286275e-03	1.286275e-03
9.833985036878595e-02	-1.041212e-01	-1.026071e-01	-1.416195e-03	-1.416195e-03	1.416195e-03
9.931641286878595e-02	-4.293784e-02	-4.141092e-02	-1.486515e-03	-1.486515e-03	1.486515e-03
1.002929753687860e-01	1.840715e-02	1.988685e-02	-1.497023e-03	-1.497023e-03	1.497023e-03
1.012695378687860e-01	7.968285e-02	8.105561e-02	-1.447733e-03	-1.447733e-03	1.447733e-03
1.022461003687860e-01	1.406586e-01	1.418652e-01	-1.338884e-03	-1.338884e-03	1.338884e-03
1.032226628687860e-01	2.011050e-01	2.020867e-01	-1.170937e-03	-1.170937e-03	1.170937e-03
1.041992253687860e-01	2.607945e-01	2.614937e-01	-9.445788e-04	-9.445788e-04	9.445788e-04
1.051757878687860e-01	3.195024e-01	3.198625e-01	-6.607127e-04	-6.607127e-04	6.607127e-04
1.061523503687860e-01	3.770078e-01	3.769735e-01	-3.204602e-04	-3.204602e-04	3.204602e-04
1.071289128687860e-01	4.330942e-01	4.326118e-01	7.484526e-05	7.484526e-05	-7.484526e-05
1.081054753687860e-01	4.875505e-01	4.865681e-01	5.236633e-04	5.236633e-04	-5.236633e-04
1.090820378687860e-01	5.401718e-01	5.386393e-01	1.024252e-03	1.024252e-03	-1.024252e-03
1.100586003687860e-01	5.907601e-01	5.886295e-01	1.574675e-03	1.574675e-03	-1.574675e-03
1.110351628687860e-01	6.391248e-01	6.363506e-01	2.172808e-03	2.172808e-03	-2.172808e-03
1.120117253687860e-01	6.850840e-01	6.816230e-01	2.816347e-03	2.816347e-03	-2.816347e-03
1.129882878687860e-01	7.284647e-01	7.242764e-01	3.502819e-03	3.502819e-03	-3.502819e-03
1.139648503687860e-01	7.691036e-01	7.641503e-01	4.229586e-03	4.229586e-03	-4.229586e-03
1.149414128687860e-01	8.068478e-01	8.010948e-01	4.993861e-03	4.993861e-03	-4.993861e-03
1.159179753687860e-01	8.415552e-01	8.349706e-01	5.792716e-03	5.792716e-03	-5.792716e-03
1.178711003687860e-01	9.013490e-01	8.930191e-01	7.481810e-03	7.481810e-03	-7.481810e-03
1.198242253687860e-01	9.475857e-01	9.374231e-01	9.271046e-03	9.271046e-03	-9.271046e-03
1.217773503687860e-01	9.795699e-01	9.675150e-01	1.113310e-02	1.113310e-02	-1.113310e-02
1.237304753687860e-01	9.968203e-01	9.828429e-01	1.303954e-02	1.303954e-02	-1.303954e-02
1.256836003687860e-01	9.990777e-01	9.831764e-01	1.496129e-02	1.496129e-02	-1.496129e-02
1.276367253687860e-01	9.863080e-01	9.685109e-01	1.686903e-02	1.686903e-02	-1.686903e-02
1.295898503687860e-01	9.587033e-01	9.390676e-01	1.873364e-02	1.873364e-02	-1.873364e-02
1.315429753687860e-01	9.166789e-01	8.952897e-01	2.052668e-02	2.052668e-02	-2.052668e-02
1.334961003687860e-01	8.608667e-01	8.378359e-01	2.222077e-02	2.222077e-02	-2.222077e-02
1.354492253687860e-01	7.921063e-01	7.675710e-01	2.379001e-02	2.379001e-02	-2.379001e-02
1.374023503687860e-01	7.114319e-01	6.855521e-01	2.521039e-02	2.521039e-02	-2.521039e-02
1.393554753687860e-01	6.200569e-01	5.930133e-01	2.646014e-02	2.646014e-02	-2.646014e-02
1.413086003687860e-01	5.193557e-01	4.913469e-01	2.752006e-02	2.752006e-02	-2.752006e-02
1.432617253687860e-01	4.108428e-01	3.820824e-01	2.837379e-02	2.837379e-02	-2.837379e-02
1.452148503687860e-01	2.961505e-01	2.668637e-01	2.900809e-02	2.900809e-02	-2.900809e-02
1.471679753687860e-01	1.770038e-01	1.474242e-01	2.941302e-02	2.941302e-02	-2.941302e-02
1.491211003687860e-01	5.519483e-02	2.556081e-02	2.958208e-02	2.958208e-02	-2.958208e-02
1.510742253687860e-01	-6.744433e-02	-9.689319e-02	2.951232e-02	2.951232e-02	-2.951232e-02
1.530273503687860e-01	-1.890691e-01	-2.180956e-01	2.920439e-02	2.920439e-02	-2.920439e-02
1.549804753687860e-01	-3.078500e-01	-3.362229e-01	2.866252e-02	2.866252e-02	-2.866252e-02
1.569336003687860e-01	-4.220006e-01	-4.494980e-01	2.789446e-02	2.789446e-02	-2.789446e-02
1.588867253687860e-01	-5.298040e-01	-5.562168e-01	2.691137e-02	2.691137e-02	-2.691137e-02
1.608398503687860e-01	-6.296386e-01	-6.547737e-01	2.572762e-02	2.572762e-02	-2.572762e-02
1.627929753687860e-01	-7.200028e-01	-7.436859e-01	2.436062e-02	2.436062e-02	-2.436062e-02
1.647461003687860e-01	-7.995375e-01	-8.216157e-01	2.283054e-02	2.283054e-02	-2.283054e-02
1.666992253687860e-01	-8.670465e-01	-8.873906e-01	2.116000e-02	2.116000e-02	-2.116000e-02
1.686523503687860e-01	-9.215142e-01	-9.400208e-01	1.937372e-02	1.937372e-02	-1.937372e-02
1.706054753687860e-01	-9.621215e-01	-9.787144e-01	1.749818e-02	1.749818e-02	-1.749818e-02
1.725586003687860e-01	-9.882576e-01	-1.002889e+00	1.556119e-02	1.556119e-02	-1.556119e-02
1.745117253687860e-01	-9.995294e-01	-1.012180e+00	1.359149e-02	1.359149e-02	-1.359149e-02
1.764648503687860e-01	-9.957674e-01	-1.006449e+00	1.161831e-02	1.161831e-02	-1.161831e-02
1.784179753687860e-01	-9.770281e-01	-9.857797e-01	9.670947e-03	9.670947e-03	-9.670947e-03
1.803711003687860e-01	-9.435933e-01	-9.504837e-01	7.778289e-03	7.778289e-03	-7.778289e-03
1.823242253687860e-01	-8.959661e-01	-9.010915e-01	5.968416e-03	5.968416e-03	-5.968416e-03
1.833007878687860e-01	-8.670461e-01	-8.713332e-01	5.102969e-03	5.102969e-03	-5.102969e-03
1.842773503687860e-01	-8.348626e-01	-8.383452e-01	4.268161e-03	4.268161e-03	-4.268161e-03
1.852539128687860e-01	-7.995370e-01	-8.022518e-01	3.467084e-03	3.467084e-03	-3.467084e-03
1.862304753687860e-01	-7.612021e-01	-7.631885e-01	2.702706e-03	2.702706e-03	-2.702706e-03
1.872070378687860e-01	-7.200022e-01	-7.213026e-01	1.977854e-03	1.977854e-03	-1.977854e-03
1.881836003687860e-01	-6.760924e-01	-6.767514e-01	1.295209e-03	1.295209e-03	-1.295209e-03
1.891601628687860e-01	-6.296379e-01	-6.297027e-01	6.572913e-04	6.572913e-04	-6.572913e-04
1.901367253687860e-01	-5.808136e-01	-5.803336e-01	6.645291e-05	6.645291e-05	-6.645291e-05
1.911132878687860e-01	-5.298033e-01	-5.288296e-01	-4.751305e-04	-4.751305e-04	4.751305e-04
1.920898503687860e-01	-4.767989e-01	-4.753847e-01	-9.654689e-04	-9.654689e-04	9.654689e-04
1.930664128687860e-01	-4.219999e-01	-4.202000e-01	-1.402765e-03	-1.402765e-03	1.402765e-03
1.940429753687860e-01	-3.656126e-01	-3.634832e-01	-1.785421e-03	-1.785421e-03	1.785421e-03
1.950195378687860e-01	-3.078493e-01	-3.054475e-01	-2.112046e-03	-2.112046e-03	2.112046e-03
1.959961003687860e-01	-2.489272e-01	-2.463115e-01	-2.381457e-03	-2.381457e-03	2.381457e-03
1.969726628687860e-01	-1.890683e-01	-1.862977e-01	-2.592690e-03	-2.592690e-03	2.592690e-03
1.979492253687860e-01	-1.284977e-01	-1.256318e-01	-2.744996e-03	-2.744996e-03	2.744996e-03
1.989257878687860e-01	-6.744350e-02	-6.454220e-02	-2.837852e-03	-2.837852e-03	2.837852e-03
1.999023503687860e-01	-6.135469e-03	-3.258740e-03	-2.870955e-03	-2.870955e-03	2.870955e-03
2.008789128687860e-01	5.519566e-02	5.798795e-02	-2.844229e-03	-2.844229e-03	2.844229e-03
2.018554753687860e-01	1.163190e-01	1.189674e-01	-2.757822e-03	-2.757822e-03	2.757822e-03
2.028320378687860e-01	1.770046e-01	1.794502e-01	-2.612108e-03	-2.612108e-03	2.612108e-03
2.038086003687860e-01	2.370240e-01	2.392087e-01	-2.407682e-03	-2.407682e-03	2.407682e-03
2.047851628687860e-01	2.961513e-01	2.980180e-01	-2.145362e-03	-2.145362e-03	2.145362e-03
2.057617253687860e-01	3.541639e-01	3.556568e-01	-1.826183e-03	-1.826183e-03	1.826183e-03
2.067382878687860e-01	4.108436e-01	4.119084e-01	-1.451394e-03	-1.451394e-03	1.451394e-03
2.077148503687860e-01	4.659769e-01	4.665609e-01	-1.022453e-03	-1.022453e-03	1.022453e-03
2.086914128687860e-01	5.193564e-01	5.194087e-01	-5.410215e-04	-5.410215e-04	5.410215e-04
2.096679753687860e-01	5.707811e-01	5.702530e-01	-8.959803e-06	-8.959803e-06	8.959803e-06
2.106445378687860e-01	6.200575e-01	6.189024e-01	5.716822e-04	5.716822e-04	-5.716822e-04
2.116211003687860e-01	6.670002e-01	6.651739e-01	1.198672e-03	1.198672e-03	-1.198672e-03
2.125976628687860e-01	7.114325e-01	7.088934e-01	1.869602e-03	1.869602e-03	-1.869602e-03
2.135742253687860e-01	7.531871e-01	7.498965e-01	2.581899e-03	2.581899e-03	-2.581899e-03
2.145507878687860e-01	7.921068e-01	7.880287e-01	3.332836e-03	3.332836e-03	-3.332836e-03
2.155273503687860e-01	8.280452e-01	8.231466e-01	4.119539e-03	4.119539e-03	-4.119539e-03
2.165039128687860e-01	8.608671e-01	8.551182e-01	4.939000e-03	4.939000e-03	-4.939000e-03
2.184570378687860e-01	9.166792e-01	9.091531e-01	6.663558e-03	6.663558e-03	-6.663558e-03
2.204101628687860e-01	9.587036e-01	9.493213e-01	8.480194e-03	8.480194e-03	-8.480194e-03
2.223632878687860e-01	9.863082e-01	9.750189e-01	1.036121e-02	1.036121e-02	-1.036121e-02
2.243164128687860e-01	9.990777e-01	9.858598e-01	1.227794e-02	1.227794e-02	-1.227794e-02
2.262695378687860e-01	9.968203e-01	9.816812e-01	1.420117e-02	1.420117e-02	-1.420117e-02
2.282226628687860e-01	9.795697e-01	9.625463e-01	1.610161e-02	1.610161e-02	-1.610161e-02
2.301757878687860e-01	9.475855e-01	9.287435e-01	1.795031e-02	1.795031e-02	-1.795031e-02
2.321289128687860e-01	9.013487e-01	8.807815e-01	1.971908e-02	1.971908e-02	-1.971908e-02
2.340820378687860e-01	8.415548e-01	8.193820e-01	2.138094e-02	2.138094e-02	-2.138094e-02
2.360351628687860e-01	7.691031e-01	7.454689e-01	2.291054e-02	2.291054e-02	-2.291054e-02
2.379882878687860e-01	6.850834e-01	6.601542e-01	2.428449e-02	2.428449e-02	-2.428449e-02
2.399414128687860e-01	5.907593e-01	5.647218e-01	2.548175e-02	2.548175e-02	-2.548175e-02
2.418945378687860e-01	4.875498e-01	4.606071e-01	2.648397e-02	2.648397e-02	-2.648397e-02
2.438476628687860e-01	3.770070e-01	3.493766e-01	2.727569e-02	2.727569e-02	-2.727569e-02
2.458007878687860e-01	2.607937e-01	2.327037e-01	2.784463e-02	2.784463e-02	-2.784463e-02
2.477539128687860e-01	1.406578e-01	1.123436e-01	2.818187e-02	2.818187e-02	-2.818187e-02
2.497070378687860e-01	1.840631e-02	-9.892991e-03	2.828198e-02	2.828198e-02	-2.828198e-02
2.516601628687860e-01	-1.041221e-01	-1.321672e-01	2.814309e-02	2.814309e-02	-2.814309e-02
2.536132878687860e-01	-2.250843e-01	-2.526394e-01	2.776692e-02	2.776692e-02	-2.776692e-02
2.555664128687860e-01	-3.426611e-01	-3.694974e-01	2.715876e-02	2.715876e-02	-2.715876e-02
2.575195378687860e-01	-4.550840e-01	-4.809831e-01	2.632740e-02	2.632740e-02	-2.632740e-02
2.594726628687860e-01	-5.606619e-01	-5.854194e-01	2.528498e-02	2.528498e-02	-2.528498e-02
2.614257878687860e-01	-6.578070e-01	-6.812348e-01	2.404682e-02	2.404682e-02	-2.404682e-02
2.633789128687860e-01	-7.450581e-01	-7.669882e-01	2.263118e-02	2.263118e-02	-2.263118e-02
2.653320378687860e-01	-8.211027e-01	-8.413892e-01	2.105900e-02	2.105900e-02	-2.105900e-02
2.672851628687860e-01	-8.847973e-01	-9.033183e-01	1.935356e-02	1.935356e-02	-1.935356e-02
2.692382878687860e-01	-9.351836e-01	-9.518439e-01	1.754016e-02	1.754016e-02	-1.754016e-02
2.711914128687860e-01	-9.715040e-01	-9.862356e-01	1.564571e-02	1.564571e-02	-1.564571e-02
2.731445378687860e-01	-9.932120e-01	-1.005976e+00	1.369835e-02	1.369835e-02	-1.369835e-02
2.750976628687860e-01	-9.999812e-01	-1.010767e+00	1.172702e-02	1.172702e-02	-1.172702e-02
2.770507878687860e-01	-9.917097e-01	-1.000538e+00	9.761000e-03	9.761000e-03	-9.761000e-03
2.790039128687860e-01	-9.685220e-01	-9.754402e-01	7.829520e-03	7.829520e-03	-7.829520e-03
2.809570378687860e-01	-9.307668e-01	-9.358523e-01	5.961273e-03	5.961273e-03	-5.961273e-03
2.819336003687860e-01	-9.065955e-01	-9.108021e-01	5.059581e-03	5.059581e-03	-5.059581e-03
2.829101628687860e-01	-8.790120e-01	-8.823689e-01	4.184004e-03	4.184004e-03	-4.184004e-03
2.838867253687860e-01	-8.481202e-01	-8.506598e-01	3.337795e-03	3.337795e-03	-3.337795e-03
2.848632878687860e-01	-8.140361e-01	-8.157942e-01	2.524094e-03	2.524094e-03	-2.524094e-03
2.858398503687860e-01	-7.768882e-01	-7.779031e-01	1.745919e-03	1.745919e-03	-1.745919e-03
2.868164128687860e-01	-7.368163e-01	-7.371292e-01	1.006156e-03	1.006156e-03	-1.006156e-03
2.877929753687860e-01	-6.939712e-01	-6.936257e-01	3.075449e-04	3.075449e-04	-3.075449e-04
2.887695378687860e-01	-6.485141e-01	-6.475565e-01	-3.473292e-04	-3.473292e-04	3.473292e-04
2.897461003687860e-01	-6.006162e-01	-5.990950e-01	-9.560451e-04	-9.560451e-04	9.560451e-04
2.907226628687860e-01	-5.504576e-01	-5.484233e-01	-1.516356e-03	-1.516356e-03	1.516356e-03
2.916992253687860e-01	-4.982273e-01	-4.957323e-01	-2.026195e-03	-2.026195e-03	2.026195e-03
2.926757878687860e-01	-4.441218e-01	-4.412202e-01	-2.483690e-03	-2.483690e-03	2.483690e-03
2.936523503687860e-01	-3.883447e-01	-3.850921e-01	-2.887160e-03	-2.887160e-03	2.887160e-03
2.946289128687860e-01	-3.311059e-01	-3.275592e-01	-3.235131e-03	-3.235131e-03	3.235131e-03
2.956054753687860e-01	-2.726209e-01	-2.688381e-01	-3.526337e-03	-3.526337e-03	3.526337e-03
2.965820378687860e-01	-2.131099e-01	-2.091497e-01	-3.759726e-03	-3.759726e-03	3.759726e-03
2.975586003687860e-01	-1.527968e-01	-1.487185e-01	-3.934463e-03	-3.934463e-03	3.934463e-03
2.985351628687860e-01	-9.190854e-02	-8.777212e-02	-4.049933e-03	-4.049933e-03	4.049933e-03
2.995117253687860e-01	-3.067439e-02	-2.653978e-02	-4.105745e-03	-4.105745e-03	4.105745e-03
3.004882878687860e-01	3.067522e-02	3.474809e-02	-4.101733e-03	-4.101733e-03	4.101733e-03
3.014648503687860e-01	9.190937e-02	9.586085e-02	-4.037956e-03	-4.037956e-03	4.037956e-03
3.024414128687860e-01	1.527976e-01	1.565685e-01	-3.914695e-03	-3.914695e-03	3.914695e-03
3.034179753687860e-01	2.131107e-01	2.166427e-01	-3.732459e-03	-3.732459e-03	3.732459e-03
3.043945378687860e-01	2.726218e-01	2.758572e-01	-3.491977e-03	-3.491977e-03	3.491977e-03
3.053711003687860e-01	3.311067e-01	3.339894e-01	-3.194198e-03	-3.194198e-03	3.194198e-03
3.063476628687860e-01	3.883454e-01	3.908203e-01	-2.840284e-03	-2.840284e-03	2.840284e-03
3.073242253687860e-01	4.441225e-01	4.461362e-01	-2.431611e-03	-2.431611e-03	2.431611e-03
3.083007878687860e-01	4.982280e-01	4.997290e-01	-1.969761e-03	-1.969761e-03	1.969761e-03
3.092773503687860e-01	5.504583e-01	5.513969e-01	-1.456514e-03	-1.456514e-03	1.456514e-03
3.102539128687860e-01	6.006168e-01	6.009455e-01	-8.938453e-04	-8.938453e-04	8.938453e-04
3.112304753687860e-01	6.485147e-01	6.481884e-01	-2.839161e-04	-2.839161e-04	2.839161e-04
3.122070378687860e-01	6.939718e-01	6.929479e-01	3.709356e-04	3.709356e-04	-3.709356e-04
3.131836003687860e-01	7.368168e-01	7.350553e-01	1.068202e-03	1.068202e-03	-1.068202e-03
3.141601628687860e-01	7.768887e-01	7.743526e-01	1.805216e-03	1.805216e-03	-1.805216e-03
3.151367253687860e-01	8.140365e-01	8.106915e-01	2.579161e-03	2.579161e-03	-2.579161e-03
3.161132878687860e-01	8.481206e-01	8.439355e-01	3.387082e-03	3.387082e-03	-3.387082e-03
3.170898503687860e-01	8.790124e-01	8.739594e-01	4.225894e-03	4.225894e-03	-4.225894e-03
3.190429753687860e-01	9.307671e-01	9.239080e-01	5.983290e-03	5.983290e-03	-5.983290e-03
3.209961003687860e-01	9.685222e-01	9.597863e-01	7.824577e-03	7.824577e-03	-7.824577e-03
3.229492253687860e-01	9.917098e-01	9.810550e-01	9.721721e-03	9.721721e-03	-9.721721e-03
3.249023503687860e-01	9.999812e-01	9.873944e-01	1.164585e-02	1.164585e-02	-1.164585e-02
3.268554753687860e-01	9.932119e-01	9.787097e-01	1.356768e-02	1.356768e-02	-1.356768e-02
3.288086003687860e-01	9.715038e-01	9.551317e-01	1.545797e-02	1.545797e-02	-1.545797e-02
3.307617253687860e-01	9.351833e-01	9.170154e-01	1.728795e-02	1.728795e-02	-1.728795e-02
3.327148503687860e-01	8.847969e-01	8.649346e-01	1.902976e-02	1.902976e-02	-1.902976e-02
3.346679753687860e-01	8.211023e-01	7.996728e-01	2.065687e-02	2.065687e-02	-2.065687e-02
3.366211003687860e-01	7.450575e-01	7.222120e-01	2.214446e-02	2.214446e-02	-2.214446e-02
3.385742253687860e-01	6.578064e-01	6.337175e-01	2.346984e-02	2.346984e-02	-2.346984e-02
3.405273503687860e-01	5.606613e-01	5.355209e-01	2.461272e-02	2.461272e-02	-2.461272e-02
3.424804753687860e-01	4.550832e-01	4.290994e-01	2.555560e-02	2.555560e-02	-2.555560e-02
3.444336003687860e-01	3.426603e-01	3.160540e-01	2.628394e-02	2.628394e-02	-2.628394e-02
3.463867253687860e-01	2.250835e-01	1.980852e-01	2.678647e-02	2.678647e-02	-2.678647e-02
3.483398503687860e-01	1.041212e-01	7.696795e-02	2.705530e-02	2.705530e-02	-2.705530e-02
3.493164128687860e-01	4.293784e-02	1.579687e-02	2.710057e-02	2.710057e-02	-2.710057e-02
3.512695378687860e-01	-7.968285e-02	-1.066196e-01	2.701176e-02	2.701176e-02	-2.701176e-02
3.532226628687860e-01	-2.011050e-01	-2.276008e-01	2.668503e-02	2.668503e-02	-2.668503e-02
3.551757878687860e-01	-3.195024e-01	-3.453268e-01	2.612497e-02	2.612497e-02	-2.612497e-02
3.571289128687860e-01	-4.330942e-01	-4.580263e-01	2.533968e-02	2.533968e-02	-2.533968e-02
3.590820378687860e-01	-5.401718e-01	-5.640042e-01	2.434063e-02	2.434063e-02	-2.434063e-02
3.610351628687860e-01	-6.391248e-01	-6.616659e-01	2.314254e-02	2.314254e-02	-2.314254e-02
3.629882878687860e-01	-7.284647e-01	-7.495423e-01	2.176308e-02	2.176308e-02	-2.176308e-02
3.649414128687860e-01	-8.068478e-01	-8.263113e-01	2.022269e-02	2.022269e-02	-2.022269e-02
3.668945378687860e-01	-8.730952e-01	-8.908179e-01	1.854421e-02	1.854421e-02	-1.854421e-02
3.688476628687860e-01	-9.262104e-01	-9.420915e-01	1.675256e-02	1.675256e-02	-1.675256e-02
3.708007878687860e-01	-9.653946e-01	-9.793605e-01	1.487436e-02	1.487436e-02	-1.487436e-02
3.727539128687860e-01	-9.900582e-01	-1.002064e+00	1.293754e-02	1.293754e-02	-1.293754e-02
3.747070378687860e-01	-9.998306e-01	-1.009861e+00	1.097092e-02	1.097092e-02	-1.097092e-02
3.766601628687860e-01	-9.945645e-01	-1.002632e+00	9.003738e-03	9.003738e-03	-9.003738e-03
3.786132878687860e-01	-9.743393e-01	-9.804878e-01	7.065276e-03	7.065276e-03	-7.065276e-03
3.805664128687860e-01	-9.394591e-01	-9.437594e-01	5.184365e-03	5.184365e-03	-5.184365e-03
3.815429753687860e-01	-9.166789e-01	-9.200906e-01	4.274277e-03	4.274277e-03	-4.274277e-03
3.825195378687860e-01	-8.904485e-01	-8.929996e-01	3.388976e-03	3.388976e-03	-3.388976e-03
3.834961003687860e-01	-8.608667e-01	-8.625885e-01	2.531752e-03	2.531752e-03	-2.531752e-03
3.844726628687860e-01	-8.280448e-01	-8.289715e-01	1.705793e-03	1.705793e-03	-1.705793e-03
3.854492253687860e-01	-7.921063e-01	-7.922752e-01	9.141671e-04	9.141671e-04	-9.141671e-04
3.864257878687860e-01	-7.531865e-01	-7.526376e-01	1.598147e-04	1.598147e-04	-1.598147e-04
3.874023503687860e-01	-7.114319e-01	-7.102081e-01	-5.544652e-04	-5.544652e-04	5.544652e-04
3.883789128687860e-01	-6.669996e-01	-6.651460e-01	-1.226024e-03	-1.226024e-03	1.226024e-03
3.893554753687860e-01	-6.200569e-01	-6.176211e-01	-1.852374e-03	-1.852374e-03	1.852374e-03
3.903320378687860e-01	-5.707804e-01	-5.678121e-01	-2.431196e-03	-2.431196e-03	2.431196e-03
3.913086003687860e-01	-5.193557e-01	-5.159066e-01	-2.960353e-03	-2.960353e-03	2.960353e-03
3.922851628687860e-01	-4.659761e-01	-4.620998e-01	-3.437892e-03	-3.437892e-03	3.437892e-03
3.932617253687860e-01	-4.108428e-01	-4.065942e-01	-3.862055e-03	-3.862055e-03	3.862055e-03
3.942382878687860e-01	-3.541631e-01	-3.495986e-01	-4.231286e-03	-4.231286e-03	4.231286e-03
3.952148503687860e-01	-2.961505e-01	-2.913276e-01	-4.544234e-03	-4.544234e-03	4.544234e-03
3.961914128687860e-01	-2.370232e-01	-2.320004e-01	-4.799761e-03	-4.799761e-03	4.799761e-03
3.971679753687860e-01	-1.770038e-01	-1.718403e-01	-4.996944e-03	-4.996944e-03	4.996944e-03
3.981445378687860e-01	-1.163182e-01	-1.110737e-01	-5.135081e-03	-5.135081e-03	5.135081e-03
3.991211003687860e-01	-5.519483e-02	-4.992921e-02	-5.213690e-03	-5.213690e-03	5.213690e-03
4.000976628687860e-01	6.136301e-03	1.136304e-02	-5.232517e-03	-5.232517e-03	5.232517e-03
4.010742253687860e-01	6.744433e-02	7.257240e-02	-5.191527e-03	-5.191527e-03	5.191527e-03
4.020507878687860e-01	1.284985e-01	1.334685e-01	-5.090916e-03	-5.090916e-03	5.090916e-03
4.030273503687860e-01	1.890691e-01	1.938223e-01	-4.931102e-03	-4.931102e-03	4.931102e-03
4.040039128687860e-01	2.489280e-01	2.534065e-01	-4.712723e-03	-4.712723e-03	4.712723e-03
4.049804753687860e-01	3.078500e-01	3.119970e-01	-4.436643e-03	-4.436643e-03	4.436643e-03
4.059570378687860e-01	3.656134e-01	3.693733e-01	-4.103939e-03	-4.103939e-03	4.103939e-03
4.069336003687860e-01	4.220006e-01	4.253195e-01	-3.715901e-03	-3.715901e-03	3.715901e-03
4.079101628687860e-01	4.767996e-01	4.796250e-01	-3.274030e-03	-3.274030e-03	3.274030e-03
4.088867253687860e-01	5.298040e-01	5.320855e-01	-2.780028e-03	-2.780028e-03	2.780028e-03
4.098632878687860e-01	5.808143e-01	5.825036e-01	-2.235793e-03	-2.235793e-03	2.235793e-03
4.108398503687860e-01	6.296386e-01	6.306895e-01	-1.643411e-03	-1.643411e-03	1.643411e-03
4.118164128687860e-01	6.760930e-01	6.764620e-01	-1.005152e-03	-1.005152e-03	1.005152e-03
4.127929753687860e-01	7.200028e-01	7.196488e-01	-3.234570e-04	-3.234570e-04	3.234570e-04
4.137695378687860e-01	7.612026e-01	7.600874e-01	3.990703e-04	3.990703e-04	-3.990703e-04
4.147461003687860e-01	7.995375e-01	7.976255e-01	1.159671e-03	1.159671e-03	-1.159671e-03
4.157226628687860e-01	8.348631e-01	8.321221e-01	1.955445e-03	1.955445e-03	-1.955445e-03
4.166992253687860e-01	8.670465e-01	8.634472e-01	2.783358e-03	2.783358e-03	-2.783358e-03
4.176757878687860e-01	8.959664e-01	8.914831e-01	3.640254e-03	3.640254e-03	-3.640254e-03
4.196289128687860e-01	9.435936e-01	9.372779e-01	5.427848e-03	5.427848e-03	-5.427848e-03
4.215820378687860e-01	9.770283e-01	9.688179e-01	7.291031e-03	7.291031e-03	-7.291031e-03
4.235351628687860e-01	9.957675e-01	9.856290e-01	9.201473e-03	9.201473e-03	-9.201473e-03
4.254882878687860e-01	9.995294e-01	9.874588e-01	1.113013e-02	1.113013e-02	-1.113013e-02
4.274414128687860e-01	9.882575e-01	9.742799e-01	1.304769e-02	1.304769e-02	-1.304769e-02
4.293945378687860e-01	9.621213e-01	9.462910e-01	1.492501e-02	1.492501e-02	-1.492501e-02
4.313476628687860e-01	9.215139e-01	9.039133e-01	1.673354e-02	1.673354e-02	-1.673354e-02
4.333007878687860e-01	8.670461e-01	8.477844e-01	1.844578e-02	1.844578e-02	-1.844578e-02
4.352539128687860e-01	7.995370e-01	7.787490e-01	2.003567e-02	2.003567e-02	-2.003567e-02
4.372070378687860e-01	7.200022e-01	6.978458e-01	2.147900e-02	2.147900e-02	-2.147900e-02
4.391601628687860e-01	6.296379e-01	6.062917e-01	2.275375e-02	2.275375e-02	-2.275375e-02
4.411132878687860e-01	5.298033e-01	5.054643e-01	2.384044e-02	2.384044e-02	-2.384044e-02
4.430664128687860e-01	4.219999e-01	3.968804e-01	2.472244e-02	2.472244e-02	-2.472244e-02
4.450195378687860e-01	3.078493e-01	2.821734e-01	2.538617e-02	2.538617e-02	-2.538617e-02
4.469726628687860e-01	1.890683e-01	1.630690e-01	2.582136e-02	2.582136e-02	-2.582136e-02
4.489257878687860e-01	6.744350e-02	4.135889e-02	2.602115e-02	2.602115e-02	-2.602115e-02
4.508789128687860e-01	-5.519566e-02	-8.112597e-02	2.598225e-02	2.598225e-02	-2.598225e-02
4.528320378687860e-01	-1.770046e-01	-2.025430e-01	2.570494e-02	2.570494e-02	-2.570494e-02
4.547851628687860e-01	-2.961513e-01	-3.210657e-01	2.519308e-02	2.519308e-02	-2.519308e-02
4.567382878687860e-01	-4.108436e-01	-4.349111e-01	2.445410e-02	2.445410e-02	-2.445410e-02
4.586914128687860e-01	-5.193564e-01	-5.423664e-01	2.349880e-02	2.349880e-02	-2.349880e-02
4.606445378687860e-01	-6.200575e-01	-6.418154e-01	2.234126e-02	2.234126e-02	-2.234126e-02
4.625976628687860e-01	-7.114325e-01	-7.317617e-01	2.099858e-02	2.099858e-02	-2.099858e-02
4.645507878687860e-01	-7.921068e-01	-8.108522e-01	1.949068e-02	1.949068e-02	-1.949068e-02
4.665039128687860e-01	-8.608671e-01	-8.778971e-01	1.783994e-02	1.783994e-02	-1.783994e-02
4.684570378687860e-01	-9.166792e-01	-9.318876e-01	1.607089e-02	1.607089e-02	-1.607089e-02
4.704101628687860e-01	-9.587036e-01	-9.720114e-01	1.420985e-02	1.420985e-02	-1.420985e-02
4.723632878687860e-01	-9.863082e-01	-9.976646e-01	1.228452e-02	1.228452e-02	-1.228452e-02
4.743164128687860e-01	-9.990777e-01	-1.008461e+00	1.032356e-02	1.032356e-02	-1.032356e-02
4.762695378687860e-01	-9.968203e-01	-1.004238e+00	8.356181e-03	8.356181e-03	-8.356181e-03
4.782226628687860e-01	-9.795697e-01	-9.850596e-01	6.411680e-03	6.411680e-03	-6.411680e-03
4.801757878687860e-01	-9.475855e-01	-9.512128e-01	4.519014e-03	4.519014e-03	-4.519014e-03
4.811523503687860e-01	-9.262101e-01	-9.289395e-01	3.600966e-03	3.600966e-03	-3.600966e-03
4.821289128687860e-01	-9.013487e-01	-9.032069e-01	2.706361e-03	2.706361e-03	-2.706361e-03
4.831054753687860e-01	-8.730948e-01	-8.741118e-01	1.838527e-03	1.838527e-03	-1.838527e-03
4.840820378687860e-01	-8.415548e-01	-8.417636e-01	1.000696e-03	1.000696e-03	-1.000696e-03
4.850586003687860e-01	-8.068473e-01	-8.062841e-01	1.959845e-04	1.959845e-04	-1.959845e-04
4.860351628687860e-01	-7.691031e-01	-7.678068e-01	-5.726144e-04	-5.726144e-04	5.726144e-04
4.870117253687860e-01	-7.284641e-01	-7.264764e-01	-1.302244e-03	-1.302244e-03	1.302244e-03
4.879882878687860e-01	-6.850834e-01	-6.824486e-01	-1.990194e-03	-1.990194e-03	1.990194e-03
4.889648503687860e-01	-6.391241e-01	-6.358888e-01	-2.633911e-03	-2.633911e-03	2.633911e-03
4.899414128687860e-01	-5.907593e-01	-5.869725e-01	-3.231009e-03	-3.231009e-03	3.231009e-03
4.909179753687860e-01	-5.401711e-01	-5.358835e-01	-3.779275e-03	-3.779275e-03	3.779275e-03
4.918945378687860e-01	-4.875498e-01	-4.828143e-01	-4.276682e-03	-4.276682e-03	4.276682e-03
4.928711003687860e-01	-4.330935e-01	-4.279645e-01	-4.721394e-03	-4.721394e-03	4.721394e-03
4.938476628687860e-01	-3.770070e-01	-3.715405e-01	-5.111772e-03	-5.111772e-03	5.111772e-03
4.948242253687860e-01	-3.195016e-01	-3.137546e-01	-5.446384e-03	-5.446384e-03	5.446384e-03
4.958007878687860e-01	-2.607937e-01	-2.548243e-01	-5.724005e-03	-5.724005e-03	5.724005e-03
4.967773503687860e-01	-2.011042e-01	-1.949714e-01	-5.943626e-03	-5.943626e-03	5.943626e-03
4.977539128687860e-01	-1.406578e-01	-1.344210e-01	-6.104456e-03	-6.104456e-03	6.104456e-03
4.987304753687860e-01	-7.968202e-02	-7.340112e-02	-6.205926e-03	-6.205926e-03	6.205926e-03
4.997070378687860e-01	-1.840631e-02	-1.214131e-02	-6.247688e-03	-6.247688e-03	6.247688e-03
5.006836003687860e-01	4.293867e-02	4.912789e-02	-6.229622e-03	-6.229622e-03	6.229622e-03
5.016601628687860e-01	1.041221e-01	1.101759e-01	-6.151831e-03	-6.151831e-03	6.151831e-03
5.026367253687860e-01	1.649135e-01	1.707730e-01	-6.014643e-03	-6.014643e-03	6.014643e-03
5.036132878687860e-01	2.250843e-01	2.306911e-01	-5.818610e-03	-5.818610e-03	5.818610e-03
5.045898503687860e-01	2.844079e-01	2.897048e-01	-5.564505e-03	-5.564505e-03	5.564505e-03
5.055664128687860e-01	3.426611e-01	3.475920e-01	-5.253320e-03	-5.253320e-03	5.253320e-03
5.065429753687860e-01	3.996246e-01	4.041348e-01	-4.886261e-03	-4.886261e-03	4.886261e-03
5.075195378687860e-01	4.550840e-01	4.591205e-01	-4.464745e-03	-4.464745e-03	4.464745e-03
5.084961003687860e-01	5.088305e-01	5.123421e-01	-3.990394e-03	-3.990394e-03	3.990394e-03
5.094726628687860e-01	5.606619e-01	5.635993e-01	-3.465028e-03	-3.465028e-03	3.465028e-03
5.104492253687860e-01	6.103832e-01	6.126994e-01	-2.890660e-03	-2.890660e-03	2.890660e-03
5.114257878687860e-01	6.578070e-01	6.594575e-01	-2.269487e-03	-2.269487e-03	2.269487e-03
5.124023503687860e-01	7.027550e-01	7.036977e-01	-1.603882e-03	-1.603882e-03	1.603882e-03
5.133789128687860e-01	7.450581e-01	7.452534e-01	-8.963853e-04	-8.963853e-04	8.963853e-04
5.143554753687860e-01	7.845569e-01	7.839683e-01	-1.496945e-04	-1.496945e-04	1.496945e-04
5.153320378687860e-01	8.211027e-01	8.196968e-01	6.333449e-04	6.333449e-04	-6.333449e-04
5.163086003687860e-01	8.545582e-01	8.523043e-01	1.449751e-03	1.449751e-03	-1.449751e-03
5.172851628687860e-01	8.847973e-01	8.816683e-01	2.296415e-03	2.296415e-03	-2.296415e-03
5.182617253687860e-01	9.117062e-01	9.076782e-01	3.170117e-03	3.170117e-03	-3.170117e-03
5.202148503687860e-01	9.551413e-01	9.492573e-01	4.985250e-03	4.985250e-03	-4.985250e-03
5.221679753687860e-01	9.842102e-01	9.764165e-01	6.867569e-03	6.867569e-03	-6.867569e-03
5.241211003687860e-01	9.984756e-01	9.887476e-01	8.788486e-03	8.788486e-03	-8.788486e-03
5.260742253687860e-01	9.977230e-01	9.860654e-01	1.071883e-02	1.071883e-02	-1.071883e-02
5.280273503687860e-01	9.819638e-01	9.684105e-01	1.262929e-02	1.262929e-02	-1.262929e-02
5.299804753687860e-01	9.514349e-01	9.360487e-01	1.449086e-02	1.449086e-02	-1.449086e-02
5.319336003687860e-01	9.065955e-01	8.894672e-01	1.627526e-02	1.627526e-02	-1.627526e-02
5.338867253687860e-01	8.481202e-01	8.293667e-01	1.795537e-02	1.795537e-02	-1.795537e-02
5.358398503687860e-01	7.768882e-01	7.566515e-01	1.950566e-02	1.950566e-02	-1.950566e-02
5.377929753687860e-01	6.939712e-01	6.724156e-01	2.090253e-02	2.090253e-02	-2.090253e-02
5.397461003687860e-01	6.006162e-01	5.779263e-01	2.212469e-02	2.212469e-02	-2.212469e-02
5.416992253687860e-01	4.982273e-01	4.746050e-01	2.315349e-02	2.315349e-02	-2.315349e-02
5.436523503687860e-01	3.883447e-01	3.640061e-01	2.397319e-02	2.397319e-02	-2.397319e-02
5.456054753687860e-01	2.726209e-01	2.477933e-01	2.457119e-02	2.457119e-02	-2.457119e-02
5.475586003687860e-01	1.527968e-01	1.277148e-01	2.493821e-02	2.493821e-02	-2.493821e-02
5.495117253687860e-01	3.067439e-02	5.577058e-03	2.506847e-02	2.506847e-02	-2.506847e-02
5.514648503687860e-01	-9.190937e-02	-1.167826e-01	2.495973e-02	2.495973e-02	-2.495973e-02
5.534179753687860e-01	-2.131107e-01	-2.375236e-01	2.461337e-02	2.461337e-02	-2.461337e-02
5.553711003687860e-01	-3.311067e-01	-3.548295e-01	2.403433e-02	2.403433e-02	-2.403433e-02
5.573242253687860e-01	-4.441225e-01	-4.669357e-01	2.323104e-02	2.323104e-02	-2.323104e-02
5.592773503687860e-01	-5.504583e-01	-5.721557e-01	2.221531e-02	2.221531e-02	-2.221531e-02
5.612304753687860e-01	-6.485147e-01	-6.689067e-01	2.100217e-02	2.100217e-02	-2.100217e-02
5.631836003687860e-01	-7.368168e-01	-7.557331e-01	1.960959e-02	1.960959e-02	-1.960959e-02
5.651367253687860e-01	-8.140365e-01	-8.313289e-01	1.805824e-02	1.805824e-02	-1.805824e-02
5.670898503687860e-01	-8.790124e-01	-8.945565e-01	1.637120e-02	1.637120e-02	-1.637120e-02
5.690429753687860e-01	-9.307671e-01	-9.444649e-01	1.457357e-02	1.457357e-02	-1.457357e-02
5.709961003687860e-01	-9.685222e-01	-9.803030e-01	1.269213e-02	1.269213e-02	-1.269213e-02
5.729492253687860e-01	-9.917098e-01	-1.001532e+00	1.075492e-02	1.075492e-02	-1.075492e-02
5.749023503687860e-01	-9.999812e-01	-1.007831e+00	8.790798e-03	8.790798e-03	-8.790798e-03
5.768554753687860e-01	-9.932119e-01	-9.991064e-01	6.829052e-03	6.829052e-03	-6.829052e-03
5.788086003687860e-01	-9.715038e-01	-9.754886e-01	4.898923e-03	4.898923e-03	-4.898923e-03
5.807617253687860e-01	-9.351833e-01	-9.373326e-01	3.029182e-03	3.029182e-03	-3.029182e-03
5.817382878687860e-01	-9.117059e-01	-9.129737e-01	2.125709e-03	2.125709e-03	-2.125709e-03
5.827148503687860e-01	-8.847969e-01	-8.852121e-01	1.247687e-03	1.247687e-03	-1.247687e-03
5.836914128687860e-01	-8.545578e-01	-8.541521e-01	3.983876e-04	3.983876e-04	-3.983876e-04
5.846679753687860e-01	-8.211023e-01	-8.199106e-01	-4.190258e-04	-4.190258e-04	4.190258e-04
5.856445378687860e-01	-7.845563e-01	-7.826166e-01	-1.201509e-03	-1.201509e-03	1.201509e-03
5.866211003687860e-01	-7.450575e-01	-7.424103e-01	-1.946150e-03	-1.946150e-03	1.946150e-03
5.875976628687860e-01	-7.027544e-01	-6.994430e-01	-2.650177e-03	-2.650177e-03	2.650177e-03
5.885742253687860e-01	-6.578064e-01	-6.538764e-01	-3.310975e-03	-3.310975e-03	3.310975e-03
5.895507878687860e-01	-6.103825e-01	-6.058820e-01	-3.926088e-03	-3.926088e-03	3.926088e-03
5.905273503687860e-01	-5.606613e-01	-5.556405e-01	-4.493233e-03	-4.493233e-03	4.493233e-03
5.915039128687860e-01	-5.088298e-01	-5.033407e-01	-5.010309e-03	-5.010309e-03	5.010309e-03
5.924804753687860e-01	-4.550832e-01	-4.491796e-01	-5.475402e-03	-5.475402e-03	5.475402e-03
5.934570378687860e-01	-3.996238e-01	-3.933610e-01	-5.886793e-03	-5.886793e-03	5.886793e-03
5.944336003687860e-01	-3.426603e-01	-3.360949e-01	-6.242967e-03	-6.242967e-03	6.242967e-03
5.954101628687860e-01	-2.844071e-01	-2.775969e-01	-6.542615e-03	-6.542615e-03	6.542615e-03
5.963867253687860e-01	-2.250835e-01	-2.180871e-01	-6.784642e-03	-6.784642e-03	6.784642e-03
5.973632878687860e-01	-1.649127e-01	-1.577894e-01	-6.968169e-03	-6.968169e-03	6.968169e-03
5.983398503687860e-01	-1.041212e-01	-9.693071e-02	-7.092536e-03	-7.092536e-03	7.092536e-03
5.993164128687860e-01	-4.293784e-02	-3.574013e-02	-7.157310e-03	-7.157310e-03	7.157310e-03
6.002929753687860e-01	1.840715e-02	2.555211e-02	-7.162278e-03	-7.162278e-03	7.162278e-03
6.012695378687860e-01	7.968285e-02	8.671533e-02	-7.107453e-03	-7.107453e-03	7.107453e-03
6.022461003687860e-01	1.406586e-01	1.475194e-01	-6.993074e-03	-6.993074e-03	6.993074e-03
6.032226628687860e-01	2.011050e-01	2.077354e-01	-6.819603e-03	-6.819603e-03	6.819603e-03
6.041992253687860e-01	2.607945e-01	2.671368e-01	-6.587725e-03	-6.587725e-03	6.587725e-03
6.051757878687860e-01	3.195024e-01	3.255001e-01	-6.298345e-03	-6.298345e-03	6.298345e-03
6.061523503687860e-01	3.770078e-01	3.826056e-01	-5.952585e-03	-5.952585e-03	5.952585e-03
6.071289128687860e-01	4.330942e-01	4.382384e-01	-5.551776e-03	-5.551776e-03	5.551776e-03
6.081054753687860e-01	4.875505e-01	4.921892e-01	-5.097460e-03	-5.097460e-03	5.097460e-03
6.090820378687860e-01	5.401718e-01	5.442549e-01	-4.591379e-03	-4.591379e-03	4.591379e-03
6.100586003687860e-01	5.907601e-01	5.942397e-01	-4.035470e-03	-4.035470e-03	4.035470e-03
6.110351628687860e-01	6.391248e-01	6.419553e-01	-3.431855e-03	-3.431855e-03	3.431855e-03
6.120117253687860e-01	6.850840e-01	6.872222e-01	-2.782840e-03	-2.782840e-03	2.782840e-03
6.129882878687860e-01	7.284647e-01	7.298701e-01	-2.090898e-03	-2.090898e-03	2.090898e-03
6.139648503687860e-01	7.691036e-01	7.697386e-01	-1.358665e-03	-1.358665e-03	1.358665e-03
6.149414128687860e-01	8.068478e-01	8.066775e-01	-5.889297e-04	-5.889297e-04	5.889297e-04
6.159179753687860e-01	8.415552e-01	8.405480e-01	2.153798e-04	2.153798e-04	-2.153798e-04
6.168945378687860e-01	8.730952e-01	8.712224e-01	1.051205e-03	1.051205e-03	-1.051205e-03
6.178711003687860e-01	9.013490e-01	8.985856e-01	1.915367e-03	1.915367e-03	-1.915367e-03
6.188476628687860e-01	9.262104e-01	9.225343e-01	2.804584e-03	2.804584e-03	-2.804584e-03
6.208007878687860e-01	9.653946e-01	9.598416e-01	4.644583e-03	4.644583e-03	-4.644583e-03
6.227539128687860e-01	9.900582e-01	9.825834e-01	6.543275e-03	6.543275e-03	-6.543275e-03
6.247070378687860e-01	9.998306e-01	9.904180e-01	8.471851e-03	8.471851e-03	-8.471851e-03
6.266601628687860e-01	9.945645e-01	9.832276e-01	1.040105e-02	1.040105e-02	-1.040105e-02
6.286132878687860e-01	9.743393e-01	9.611208e-01	1.230162e-02	1.230162e-02	-1.230162e-02
6.305664128687860e-01	9.394591e-01	9.244304e-01	1.414470e-02	1.414470e-02	-1.414470e-02
6.325195378687860e-01	8.904485e-01	8.737084e-01	1.590234e-02	1.590234e-02	-1.590234e-02
6.344726628687860e-01	8.280448e-01	8.097178e-01	1.754784e-02	1.754784e-02	-1.754784e-02
6.364257878687860e-01	7.531865e-01	7.334216e-01	1.905621e-02	1.905621e-02	-1.905621e-02
6.383789128687860e-01	6.669996e-01	6.459675e-01	2.040452e-02	2.040452e-02	-2.040452e-02
6.403320378687860e-01	5.707804e-01	5.486711e-01	2.157223e-02	2.157223e-02	-2.157223e-02
6.422851628687860e-01	4.659761e-01	4.429961e-01	2.254154e-02	2.254154e-02	-2.254154e-02
6.442382878687860e-01	3.541631e-01	3.305323e-01	2.329762e-02	2.329762e-02	-2.329762e-02
6.461914128687860e-01	2.370232e-01	2.129713e-01	2.382886e-02	2.382886e-02	-2.382886e-02
6.481445378687860e-01	1.163182e-01	9.208176e-02	2.412701e-02	2.412701e-02	-2.412701e-02
6.500976628687860e-01	-6.136301e-03	-3.031788e-02	2.418735e-02	2.418735e-02	-2.418735e-02
6.520507878687860e-01	-1.284985e-01	-1.523863e-01	2.400873e-02	2.400873e-02	-2.400873e-02
6.540039128687860e-01	-2.489280e-01	-2.722874e-01	2.359359e-02	2.359359e-02	-2.359359e-02
6.559570378687860e-01	-3.656134e-01	-3.882173e-01	2.294793e-02	2.294793e-02	-2.294793e-02
6.579101628687860e-01	-4.767996e-01	-4.984322e-01	2.208121e-02	2.208121e-02	-2.208121e-02
6.598632878687860e-01	-5.808143e-01	-6.012740e-01	2.100624e-02	2.100624e-02	-2.100624e-02
6.618164128687860e-01	-6.760930e-01	-6.951958e-01	1.973894e-02	1.973894e-02	-1.973894e-02
6.637695378687860e-01	-7.612026e-01	-7.787845e-01	1.829813e-02	1.829813e-02	-1.829813e-02
6.657226628687860e-01	-8.348631e-01	-8.507828e-01	1.670523e-02	1.670523e-02	-1.670523e-02
6.676757878687860e-01	-8.959664e-01	-9.101074e-01	1.498398e-02	1.498398e-02	-1.498398e-02
6.696289128687860e-01	-9.435936e-01	-9.558657e-01	1.316001e-02	1.316001e-02	-1.316001e-02
6.715820378687860e-01	-9.770283e-01	-9.873694e-01	1.126052e-02	1.126052e-02	-1.126052e-02
6.735351628687860e-01	-9.957675e-01	-1.004144e+00	9.313841e-03	9.313841e-03	-9.313841e-03
6.754882878687860e-01	-9.995294e-01	-1.005938e+00	7.349019e-03	7.349019e-03	-7.349019e-03
6.774414128687860e-01	-9.882575e-01	-9.927229e-01	5.395364e-03	5.395364e-03	-5.395364e-03
6.793945378687860e-01	-9.621213e-01	-9.646980e-01	3.482024e-03	3.482024e-03	-3.482024e-03
6.803711003687860e-01	-9.435933e-01	-9.452549e-01	2.549427e-03	2.549427e-03	-2.549427e-03
6.813476628687860e-01	-9.215139e-01	-9.222844e-01	1.637540e-03	1.637540e-03	-1.637540e-03
6.823242253687860e-01	-8.959661e-01	-8.958728e-01	7.497672e-04	7.497672e-04	-7.497672e-04
6.833007878687860e-01	-8.670461e-01	-8.661196e-01	-1.105809e-04	-1.105809e-04	1.105809e-04
6.842773503687860e-01	-8.348626e-01	-8.331368e-01	-9.402955e-04	-9.402955e-04	9.402955e-04
6.852539128687860e-01	-7.995370e-01	-7.970484e-01	-1.736283e-03	-1.736283e-03	1.736283e-03
6.862304753687860e-01	-7.612021e-01	-7.579903e-01	-2.495577e-03	-2.495577e-03	2.495577e-03
6.872070378687860e-01	-7.200022e-01	-7.161094e-01	-3.215350e-03	-3.215350e-03	3.215350e-03
6.881836003687860e-01	-6.760924e-01	-6.715633e-01	-3.892921e-03	-3.892921e-03	3.892921e-03
6.891601628687860e-01	-6.296379e-01	-6.245197e-01	-4.525770e-03	-4.525770e-03	4.525770e-03
6.901367253687860e-01	-5.808136e-01	-5.751556e-01	-5.111544e-03	-5.111544e-03	5.111544e-03
6.911132878687860e-01	-5.298033e-01	-5.236567e-01	-5.648068e-03	-5.648068e-03	5.648068e-03
6.920898503687860e-01	-4.767989e-01	-4.702169e-01	-6.133352e-03	-6.133352e-03	6.133352e-03
6.930664128687860e-01	-4.219999e-01	-4.150372e-01	-6.565599e-03	-6.565599e-03	6.565599e-03
6.940429753687860e-01	-3.656126e-01	-3.583254e-01	-6.943211e-03	-6.943211e-03	6.943211e-03
6.950195378687860e-01	-3.078493e-01	-3.002948e-01	-7.264796e-03	-7.264796e-03	7.264796e-03
6.959961003687860e-01	-2.489272e-01	-2.411638e-01	-7.529173e-03	-7.529173e-03	7.529173e-03
6.969726628687860e-01	-1.890683e-01	-1.811550e-01	-7.735375e-03	-7.735375e-03	7.735375e-03
6.979492253687860e-01	-1.284977e-01	-1.204941e-01	-7.882657e-03	-7.882657e-03	7.882657e-03
6.989257878687860e-01	-6.744350e-02	-5.940955e-02	-7.970493e-03	-7.970493e-03	7.970493e-03
6.999023503687860e-01	-6.135469e-03	1.868885e-03	-7.998582e-03	-7.998582e-03	7.998582e-03
7.008789128687860e-01	5.519566e-02	6.311057e-02	-7.966845e-03	-7.966845e-03	7.966845e-03
7.018554753687860e-01	1.163190e-01	1.240850e-01	-7.875433e-03	-7.875433e-03	7.875433e-03
7.028320378687860e-01	1.770046e-01	1.845628e-01	-7.724719e-03	-7.724719e-03	7.724719e-03
7.038086003687860e-01	2.370240e-01	2.443163e-01	-7.515298e-03	-7.515298e-03	7.515298e-03
7.047851628687860e-01	2.961513e-01	3.031206e-01	-7.247988e-03	-7.247988e-03	7.247988e-03
7.057617253687860e-01	3.541639e-01	3.607545e-01	-6.923823e-03	-6.923823e-03	6.923823e-03
7.067382878687860e-01	4.108436e-01	4.170010e-01	-6.544053e-03	-6.544053e-03	6.544053e-03
7.077148503687860e-01	4.659769e-01	4.716485e-01	-6.110136e-03	-6.110136e-03	6.110136e-03
7.086914128687860e-01	5.193564e-01	5.244914e-01	-5.623734e-03	-5.623734e-03	5.623734e-03
7.096679753687860e-01	5.707811e-01	5.753307e-01	-5.086706e-03	-5.086706e-03	5.086706e-03
7.106445378687860e-01	6.200575e-01	6.239752e-01	-4.501102e-03	-4.501102e-03	4.501102e-03
7.116211003687860e-01	6.670002e-01	6.702418e-01	-3.869157e-03	-3.869157e-03	3.869157e-03
7.125976628687860e-01	7.114325e-01	7.139564e-01	-3.193275e-03	-3.193275e-03	3.193275e-03
7.135742253687860e-01	7.531871e-01	7.549544e-01	-2.476031e-03	-2.476031e-03	2.476031e-03
7.145507878687860e-01	7.921068e-01	7.930816e-01	-1.720152e-03	-1.720152e-03	1.720152e-03
7.155273503687860e-01	8.280452e-01	8.281946e-01	-9.285117e-04	-9.285117e-04	9.285117e-04
7.165039128687860e-01	8.608671e-01	8.601612e-01	-1.041187e-04	-1.041187e-04	1.041187e-04
7.174804753687860e-01	8.904489e-01	8.888611e-01	7.498958e-04	7.498958e-04	-7.498958e-04
7.184570378687860e-01	9.166792e-01	9.141864e-01	1.630289e-03	1.630289e-03	-1.630289e-03
7.194336003687860e-01	9.394594e-01	9.360417e-01	2.533719e-03	2.533719e-03	-2.533719e-03
7.213867253687860e-01	9.743395e-01	9.690268e-01	4.395898e-03	4.395898e-03	-4.395898e-03
7.233398503687860e-01	9.945646e-01	9.873206e-01	6.308199e-03	6.308199e-03	-6.308199e-03
7.252929753687860e-01	9.998306e-01	9.906482e-01	8.241629e-03	8.241629e-03	-8.241629e-03
7.272461003687860e-01	9.900581e-01	9.789597e-01	1.016688e-02	1.016688e-02	-1.016688e-02
7.291992253687860e-01	9.653943e-01	9.524311e-01	1.205478e-02	1.205478e-02	-1.205478e-02
7.311523503687860e-01	9.262101e-01	9.114619e-01	1.387669e-02	1.387669e-02	-1.387669e-02
7.331054753687860e-01	8.730948e-01	8.566682e-01	1.560499e-02	1.560499e-02	-1.560499e-02
7.350586003687860e-01	8.068473e-01	7.888746e-01	1.721347e-02	1.721347e-02	-1.721347e-02
7.370117253687860e-01	7.284641e-01	7.091010e-01	1.867769e-02	1.867769e-02	-1.867769e-02
7.389648503687860e-01	6.391241e-01	6.185473e-01	1.997542e-02	1.997542e-02	-1.997542e-02
7.409179753687860e-01	5.401711e-01	5.185759e-01	2.108691e-02	2.108691e-02	-2.108691e-02
7.428711003687860e-01	4.330935e-01	4.106907e-01	2.199523e-02	2.199523e-02	-2.199523e-02
7.448242253687860e-01	3.195016e-01	2.965145e-01	2.268648e-02	2.268648e-02	-2.268648e-02
7.467773503687860e-01	2.011042e-01	1.777650e-01	2.315005e-02	2.315005e-02	-2.315005e-02
7.487304753687860e-01	7.968202e-02	5.622831e-02	2.337874e-02	2.337874e-02	-2.337874e-02
7.506836003687860e-01	-4.293867e-02	-6.626717e-02	2.336890e-02	2.336890e-02	-2.336890e-02
7.526367253687860e-01	-1.649135e-01	-1.878788e-01	2.312044e-02	2.312044e-02	-2.312044e-02
7.545898503687860e-01	-2.844079e-01	-3.067772e-01	2.263689e-02	2.263689e-02	-2.263689e-02
7.565429753687860e-01	-3.996246e-01	-4.211739e-01	2.192530e-02	2.192530e-02	-2.192530e-02
7.584961003687860e-01	-5.088305e-01	-5.293479e-01	2.099616e-02	2.099616e-02	-2.099616e-02
7.604492253687860e-01	-6.103832e-01	-6.296720e-01	1.986321e-02	1.986321e-02	-1.986321e-02
7.624023503687860e-01	-7.027550e-01	-7.206371e-01	1.854328e-02	1.854328e-02	-1.854328e-02
7.643554753687860e-01	-7.845569e-01	-8.008747e-01	1.705601e-02	1.705601e-02	-1.705601e-02
7.663086003687860e-01	-8.545582e-01	-8.691777e-01	1.542354e-02	1.542354e-02	-1.542354e-02
7.682617253687860e-01	-9.117062e-01	-9.245186e-01	1.367022e-02	1.367022e-02	-1.367022e-02
7.702148503687860e-01	-9.551413e-01	-9.660648e-01	1.182219e-02	1.182219e-02	-1.182219e-02
7.721679753687860e-01	-9.842102e-01	-9.931911e-01	9.907046e-03	9.907046e-03	-9.907046e-03
7.741211003687860e-01	-9.984756e-01	-1.005489e+00	7.953365e-03	7.953365e-03	-7.953365e-03
7.760742253687860e-01	-9.977230e-01	-1.002774e+00	5.990321e-03	5.990321e-03	-5.990321e-03
7.780273503687860e-01	-9.819638e-01	-9.850870e-01	4.047224e-03	4.047224e-03	-4.047224e-03
7.790039128687860e-01	-9.685220e-01	-9.707029e-01	3.092245e-03	3.092245e-03	-3.092245e-03
7.799804753687860e-01	-9.514349e-01	-9.526927e-01	2.153084e-03	2.153084e-03	-2.153084e-03
7.809570378687860e-01	-9.307668e-01	-9.311243e-01	1.233250e-03	1.233250e-03	-1.233250e-03
7.819336003687860e-01	-9.065955e-01	-9.060787e-01	3.361774e-04	3.361774e-04	-3.361774e-04
7.829101628687860e-01	-8.790120e-01	-8.776501e-01	-5.347839e-04	-5.347839e-04	5.347839e-04
7.838867253687860e-01	-8.481202e-01	-8.459457e-01	-1.376382e-03	-1.376382e-03	1.376382e-03
7.848632878687860e-01	-8.140361e-01	-8.110846e-01	-2.185478e-03	-2.185478e-03	2.185478e-03
7.858398503687860e-01	-7.768882e-01	-7.731981e-01	-2.959051e-03	-2.959051e-03	2.959051e-03
7.868164128687860e-01	-7.368163e-01	-7.324288e-01	-3.694217e-03	-3.694217e-03	3.694217e-03
7.877929753687860e-01	-6.939712e-01	-6.889299e-01	-4.388236e-03	-4.388236e-03	4.388236e-03
7.887695378687860e-01	-6.485141e-01	-6.428654e-01	-5.038522e-03	-5.038522e-03	5.038522e-03
7.897461003687860e-01	-6.006162e-01	-5.944084e-01	-5.642654e-03	-5.642654e-03	5.642654e-03
7.907226628687860e-01	-5.504576e-01	-5.437413e-01	-6.198386e-03	-6.198386e-03	6.198386e-03
7.916992253687860e-01	-4.982273e-01	-4.910549e-01	-6.703651e-03	-6.703651e-03	6.703651e-03
7.926757878687860e-01	-4.441218e-01	-4.365473e-01	-7.156575e-03	-7.156575e-03	7.156575e-03
7.936523503687860e-01	-3.883447e-01	-3.804238e-01	-7.555479e-03	-7.555479e-03	7.555479e-03
7.946289128687860e-01	-3.311059e-01	-3.228955e-01	-7.898889e-03	-7.898889e-03	7.898889e-03
7.956054753687860e-01	-2.726209e-01	-2.641789e-01	-8.185539e-03	-8.185539e-03	8.185539e-03
7.965820378687860e-01	-2.131099e-01	-2.044950e-01	-8.414376e-03	-8.414376e-03	8.414376e-03
7.975586003687860e-01	-1.527968e-01	-1.440684e-01	-8.584564e-03	-8.584564e-03	8.584564e-03
7.985351628687860e-01	-9.190854e-02	-8.312657e-02	-8.695491e-03	-8.695491e-03	8.695491e-03
7.995117253687860e-01	-3.067439e-02	-2.189876e-02	-8.746764e-03	-8.746764e-03	8.746764e-03
8.004882878687860e-01	3.067522e-02	3.938457e-02	-8.738218e-03	-8.738218e-03	8.738218e-03
8.014648503687860e-01	9.190937e-02	1.004928e-01	-8.669909e-03	-8.669909e-03	8.669909e-03
8.024414128687860e-01	1.527976e-01	1.611959e-01	-8.542123e-03	-8.542123e-03	8.542123e-03
8.034179753687860e-01	2.131107e-01	2.212656e-01	-8.355366e-03	-8.355366e-03	8.355366e-03
8.043945378687860e-01	2.726218e-01	2.804756e-01	-8.110368e-03	-8.110368e-03	8.110368e-03
8.053711003687860e-01	3.311067e-01	3.386032e-01	-7.808075e-03	-7.808075e-03	7.808075e-03
8.063476628687860e-01	3.883454e-01	3.954297e-01	-7.449653e-03	-7.449653e-03	7.449653e-03
8.073242253687860e-01	4.441225e-01	4.507411e-01	-7.036477e-03	-7.036477e-03	7.036477e-03
8.083007878687860e-01	4.982280e-01	5.043293e-01	-6.570127e-03	-6.570127e-03	6.570127e-03
8.092773503687860e-01	5.504583e-01	5.559927e-01	-6.052386e-03	-6.052386e-03	6.052386e-03
8.102539128687860e-01	6.006168e-01	6.055369e-01	-5.485227e-03	-5.485227e-03	5.485227e-03
8.112304753687860e-01	6.485147e-01	6.527753e-01	-4.870811e-03	-4.870811e-03	4.870811e-03
8.122070378687860e-01	6.939718e-01	6.975303e-01	-4.211478e-03	-4.211478e-03	4.211478e-03
8.131836003687860e-01	7.368168e-01	7.396333e-01	-3.509734e-03	-3.509734e-03	3.509734e-03
8.141601628687860e-01	7.768887e-01	7.789260e-01	-2.768247e-03	-2.768247e-03	2.768247e-03
8.151367253687860e-01	8.140365e-01	8.152604e-01	-1.989834e-03	-1.989834e-03	1.989834e-03
8.161132878687860e-01	8.481206e-01	8.485000e-01	-1.177449e-03	-1.177449e-03	1.177449e-03
8.170898503687860e-01	8.790124e-01	8.785195e-01	-3.341771e-04	-3.341771e-04	3.341771e-04
8.180664128687860e-01	9.065959e-01	9.052061e-01	5.367826e-04	5.367826e-04	-5.367826e-04
8.190429753687860e-01	9.307671e-01	9.284592e-01	1.432126e-03	1.432126e-03	-1.432126e-03
8.200195378687860e-01	9.514351e-01	9.481915e-01	2.348457e-03	2.348457e-03	-2.348457e-03
8.219726628687860e-01	9.819639e-01	9.768099e-01	4.230120e-03	4.230120e-03	-4.230120e-03
8.239257878687860e-01	9.977231e-01	9.906310e-01	6.153263e-03	6.153263e-03	-6.153263e-03
8.258789128687860e-01	9.984756e-01	9.894473e-01	8.088755e-03	8.088755e-03	-8.088755e-03
8.278320378687860e-01	9.842100e-01	9.732766e-01	1.000728e-02	1.000728e-02	-1.000728e-02
8.297851628687860e-01	9.551411e-01	9.423625e-01	1.187978e-02	1.187978e-02	-1.187978e-02
8.317382878687860e-01	9.117059e-01	8.971701e-01	1.367788e-02	1.367788e-02	-1.367788e-02
8.336914128687860e-01	8.545578e-01	8.383794e-01	1.537433e-02	1.537433e-02	-1.537433e-02
8.356445378687860e-01	7.845563e-01	7.668747e-01	1.694342e-02	1.694342e-02	-1.694342e-02
8.375976628687860e-01	7.027544e-01	6.837319e-01	1.836134e-02	1.836134e-02	-1.836134e-02
8.395507878687860e-01	6.103825e-01	5.902016e-01	1.960657e-02	1.960657e-02	-1.960657e-02
8.415039128687860e-01	5.088298e-01	4.876908e-01	2.066016e-02	2.066016e-02	-2.066016e-02
8.434570378687860e-01	3.996238e-01	3.777417e-01	2.150608e-02	2.150608e-02	-2.150608e-02
8.454101628687860e-01	2.844071e-01	2.620081e-01	2.213139e-02	2.213139e-02	-2.213139e-02
8.473632878687860e-01	1.649127e-01	1.422310e-01	2.252650e-02	2.252650e-02	-2.252650e-02
8.493164128687860e-01	4.293784e-02	2.021219e-02	2.268525e-02	2.268525e-02	-2.268525e-02
8.512695378687860e-01	-7.968285e-02	-1.022129e-01	2.260507e-02	2.260507e-02	-2.260507e-02
8.532226628687860e-01	-2.011050e-01	-2.232028e-01	2.228695e-02	2.228695e-02	-2.228695e-02
8.551757878687860e-01	-3.195024e-01	-3.409373e-01	2.173548e-02	2.173548e-02	-2.173548e-02
8.571289128687860e-01	-4.330942e-01	-4.536454e-01	2.095876e-02	2.095876e-02	-2.095876e-02
8.590820378687860e-01	-5.401718e-01	-5.596318e-01	1.996827e-02	1.996827e-02	-1.996827e-02
8.610351628687860e-01	-6.391248e-01	-6.573021e-01	1.877871e-02	1.877871e-02	-1.877871e-02
8.629882878687860e-01	-7.284647e-01	-7.451870e-01	1.740778e-02	1.740778e-02	-1.740778e-02
8.649414128687860e-01	-8.068478e-01	-8.219645e-01	1.587589e-02	1.587589e-02	-1.587589e-02
8.668945378687860e-01	-8.730952e-01	-8.864796e-01	1.420590e-02	1.420590e-02	-1.420590e-02
8.688476628687860e-01	-9.262104e-01	-9.377617e-01	1.242272e-02	1.242272e-02	-1.242272e-02
8.708007878687860e-01	-9.653946e-01	-9.750391e-01	1.055298e-02	1.055298e-02	-1.055298e-02
8.727539128687860e-01	-9.900582e-01	-9.977513e-01	8.624608e-03	8.624608e-03	-8.624608e-03
8.747070378687860e-01	-9.998306e-01	-1.005556e+00	6.666405e-03	6.666405e-03	-6.666405e-03
8.766601628687860e-01	-9.945645e-01	-9.983363e-01	4.707635e-03	4.707635e-03	-4.707635e-03
8.786132878687860e-01	-9.743393e-01	-9.762000e-01	2.777564e-03	2.777564e-03	-2.777564e-03
8.795898503687860e-01	-9.587033e-01	-9.596336e-01	1.832331e-03	1.832331e-03	-1.832331e-03
8.805664128687860e-01	-9.394591e-01	-9.394801e-01	9.050277e-04	9.050277e-04	-9.050277e-04
8.815429753687860e-01	-9.166789e-01	-9.158155e-01	-8.788027e-07	-8.788027e-07	8.788027e-07
8.825195378687860e-01	-8.904485e-01	-8.887287e-01	-8.820035e-04	-8.820035e-04	8.820035e-04
8.834961003687860e-01	-8.608667e-01	-8.583217e-01	-1.735054e-03	-1.735054e-03	1.735054e-03
8.844726628687860e-01	-8.280448e-01	-8.247088e-01	-2.556844e-03	-2.556844e-03	2.556844e-03
8.854492253687860e-01	-7.921063e-01	-7.880167e-01	-3.344305e-03	-3.344305e-03	3.344305e-03
8.864257878687860e-01	-7.531865e-01	-7.483833e-01	-4.094496e-03	-4.094496e-03	4.094496e-03
8.874023503687860e-01	-7.114319e-01	-7.059579e-01	-4.804620e-03	-4.804620e-03	4.804620e-03
8.883789128687860e-01	-6.669996e-01	-6.609000e-01	-5.472026e-03	-5.472026e-03	5.472026e-03
8.893554753687860e-01	-6.200569e-01	-6.133792e-01	-6.094227e-03	-6.094227e-03	6.094227e-03
8.903320378687860e-01	-5.707804e-01	-5.635744e-01	-6.668905e-03	-6.668905e-03	6.668905e-03
8.913086003687860e-01	-5.193557e-01	-5.116730e-01	-7.193922e-03	-7.193922e-03	7.193922e-03
8.922851628687860e-01	-4.659761e-01	-4.578703e-01	-7.667324e-03	-7.667324e-03	7.667324e-03
8.932617253687860e-01	-4.108428e-01	-4.023688e-01	-8.087356e-03	-8.087356e-03	8.087356e-03
8.942382878687860e-01	-3.541631e-01	-3.453774e-01	-8.452457e-03	-8.452457e-03	8.452457e-03
8.952148503687860e-01	-2.961505e-01	-2.871106e-01	-8.761281e-03	-8.761281e-03	8.761281e-03
8.961914128687860e-01	-2.370232e-01	-2.277875e-01	-9.012688e-03	-9.012688e-03	9.012688e-03
8.971679753687860e-01	-1.770038e-01	-1.676315e-01	-9.205754e-03	-9.205754e-03	9.205754e-03
8.981445378687860e-01	-1.163182e-01	-1.068690e-01	-9.339779e-03	-9.339779e-03	9.339779e-03
8.991211003687860e-01	-5.519483e-02	-4.572861e-02	-9.414280e-03	-9.414280e-03	9.414280e-03
9.000976628687860e-01	6.136301e-03	1.555953e-02	-9.429002e-03	-9.429002e-03	9.429002e-03
9.010742253687860e-01	6.744433e-02	7.676478e-02	-9.383912e-03	-9.383912e-03	9.383912e-03
9.020507878687860e-01	1.284985e-01	1.376568e-01	-9.279205e-03	-9.279205e-03	9.279205e-03
9.030273503687860e-01	1.890691e-01	1.980065e-01	-9.115298e-03	-9.115298e-03	9.115298e-03
9.040039128687860e-01	2.489280e-01	2.575866e-01	-8.892831e-03	-8.892831e-03	8.892831e-03
9.049804753687860e-01	3.078500e-01	3.161730e-01	-8.612667e-03	-8.612667e-03	8.612667e-03
9.059570378687860e-01	3.656134e-01	3.735453e-01	-8.275882e-03	-8.275882e-03	8.275882e-03
9.069336003687860e-01	4.220006e-01	4.294873e-01	-7.883769e-03	-7.883769e-03	7.883769e-03
9.079101628687860e-01	4.767996e-01	4.837888e-01	-7.437826e-03	-7.437826e-03	7.437826e-03
9.088867253687860e-01	5.298040e-01	5.362452e-01	-6.939755e-03	-6.939755e-03	6.939755e-03
9.098632878687860e-01	5.808143e-01	5.866593e-01	-6.391455e-03	-6.391455e-03	6.391455e-03
9.108398503687860e-01	6.296386e-01	6.348411e-01	-5.795014e-03	-5.795014e-03	5.795014e-03
9.118164128687860e-01	6.760930e-01	6.806096e-01	-5.152699e-03	-5.152699e-03	5.152699e-03
9.127929753687860e-01	7.200028e-01	7.237923e-01	-4.466951e-03	-4.466951e-03	4.466951e-03
9.137695378687860e-01	7.612026e-01	7.642268e-01	-3.740375e-03	-3.740375e-03	3.740375e-03
9.147461003687860e-01	7.995375e-01	8.017609e-01	-2.975729e-03	-2.975729e-03	2.975729e-03
9.157226628687860e-01	8.348631e-01	8.362535e-01	-2.175915e-03	-2.175915e-03	2.175915e-03
9.166992253687860e-01	8.670465e-01	8.675746e-01	-1.343966e-03	-1.343966e-03	1.343966e-03
9.176757878687860e-01	8.959664e-01	8.956064e-01	-4.830369e-04	-4.830369e-04	4.830369e-04
9.186523503687860e-01	9.215142e-01	9.202435e-01	4.036086e-04	4.036086e-04	-4.036086e-04
9.196289128687860e-01	9.435936e-01	9.413931e-01	1.312610e-03	1.312610e-03	-1.312610e-03
9.206054753687860e-01	9.621215e-01	9.589757e-01	2.240523e-03	2.240523e-03	-2.240523e-03
9.225586003687860e-01	9.882576e-01	9.831887e-01	4.138961e-03	4.138961e-03	-4.138961e-03
9.245117253687860e-01	9.995294e-01	9.925187e-01	6.070184e-03	6.070184e-03	-6.070184e-03
9.264648503687860e-01	9.957674e-01	9.868255e-01	8.004957e-03	8.004957e-03	-8.004957e-03
9.284179753687860e-01	9.770281e-01	9.661947e-01	9.913996e-03	9.913996e-03	-9.913996e-03
9.303711003687860e-01	9.435933e-01	9.309371e-01	1.176840e-02	1.176840e-02	-1.176840e-02
9.323242253687860e-01	8.959661e-01	8.815829e-01	1.354009e-02	1.354009e-02	-1.354009e-02
9.342773503687860e-01	8.348626e-01	8.188748e-01	1.520225e-02	1.520225e-02	-1.520225e-02
9.362304753687860e-01	7.612021e-01	7.437562e-01	1.672967e-02	1.672967e-02	-1.672967e-02
9.381836003687860e-01	6.760924e-01	6.573570e-01	1.809921e-02	1.809921e-02	-1.809921e-02
9.401367253687860e-01	5.808136e-01	5.609770e-01	1.929009e-02	1.929009e-02	-1.929009e-02
9.420898503687860e-01	4.767989e-01	4.560660e-01	2.028421e-02	2.028421e-02	-2.028421e-02
9.440429753687860e-01	3.656126e-01	3.442022e-01	2.106643e-02	2.106643e-02	-2.106643e-02
9.459961003687860e-01	2.489272e-01	2.270682e-01	2.162480e-02	2.162480e-02	-2.162480e-02
9.479492253687860e-01	1.284977e-01	1.064260e-01	2.195076e-02	2.195076e-02	-2.195076e-02
9.499023503687860e-01	6.135469e-03	-1.590951e-02	2.203920e-02	2.203920e-02	-2.203920e-02
9.518554753687860e-01	-1.163190e-01	-1.380982e-01	2.188863e-02	2.188863e-02	-2.188863e-02
9.538086003687860e-01	-2.370240e-01	-2.583021e-01	2.150112e-02	2.150112e-02	-2.150112e-02
9.557617253687860e-01	-3.541639e-01	-3.747130e-01	2.088233e-02	2.088233e-02	-2.088233e-02
9.577148503687860e-01	-4.659769e-01	-4.855798e-01	2.004138e-02	2.004138e-02	-2.004138e-02
9.596679753687860e-01	-5.707811e-01	-5.892348e-01	1.899074e-02	1.899074e-02	-1.899074e-02
9.616211003687860e-01	-6.670002e-01	-6.841186e-01	1.774604e-02	1.774604e-02	-1.774604e-02
9.635742253687860e-01	-7.531871e-01	-7.688042e-01	1.632581e-02	1.632581e-02	-1.632581e-02
9.655273503687860e-01	-8.280452e-01	-8.420174e-01	1.475124e-02	1.475124e-02	-1.475124e-02
9.674804753687860e-01	-8.904489e-01	-9.026569e-01	1.304583e-02	1.304583e-02	-1.304583e-02
9.694336003687860e-01	-9.394594e-01	-9.498104e-01	1.123506e-02	1.123506e-02	-1.123506e-02
9.713867253687860e-01	-9.743395e-01	-9.827687e-01	9.345991e-03	9.345991e-03	-9.345991e-03
9.733398503687860e-01	-9.945646e-01	-1.001036e+00	7.406850e-03	7.406850e-03	-7.406850e-03
9.752929753687860e-01	-9.998306e-01	-1.004336e+00	5.446631e-03	5.446631e-03	-5.446631e-03
9.772461003687860e-01	-9.900581e-01	-9.926212e-01	3.494641e-03	3.494641e-03	-3.494641e-03
9.782226628687860e-01	-9.795697e-01	-9.811789e-01	2.530869e-03	2.530869e-03	-2.530869e-03
9.791992253687860e-01	-9.653943e-01	-9.660660e-01	1.580063e-03	1.580063e-03	-1.580063e-03
9.801757878687860e-01	-9.475855e-01	-9.473396e-01	6.457822e-04	6.457822e-04	-6.457822e-04
9.811523503687860e-01	-9.262101e-01	-9.250701e-01	-2.684805e-04	-2.684805e-04	2.684805e-04
9.821289128687860e-01	-9.013487e-01	-8.993412e-01	-1.159306e-03	-1.159306e-03	1.159306e-03
9.831054753687860e-01	-8.730948e-01	-8.702499e-01	-2.023362e-03	-2.023362e-03	2.023362e-03
9.840820378687860e-01	-8.415548e-01	-8.379055e-01	-2.857420e-03	-2.857420e-03	2.857420e-03
9.850586003687860e-01	-8.068473e-01	-8.024297e-01	-3.658362e-03	-3.658362e-03	3.658362e-03
9.860351628687860e-01	-7.691031e-01	-7.639562e-01	-4.423195e-03	-4.423195e-03	4.423195e-03
9.870117253687860e-01	-7.284641e-01	-7.226296e-01	-5.149062e-03	-5.149062e-03	5.149062e-03
9.879882878687860e-01	-6.850834e-01	-6.786055e-01	-5.833253e-03	-5.833253e-03	5.833253e-03
9.889648503687860e-01	-6.391241e-01	-6.320495e-01	-6.473216e-03	-6.473216e-03	6.473216e-03
9.899414128687860e-01	-5.907593e-01	-5.831369e-01	-7.066562e-03	-7.066562e-03	7.066562e-03
9.909179753687860e-01	-5.401711e-01	-5.320517e-01	-7.611081e-03	-7.611081e-03	7.611081e-03
9.918945378687860e-01	-4.875498e-01	-4.789863e-01	-8.104743e-03	-8.104743e-03	8.104743e-03
9.928711003687860e-01	-4.330935e-01	-4.241402e-01	-8.545715e-03	-8.545715e-03	8.545715e-03
9.938476628687860e-01	-3.770070e-01	-3.677199e-01	-8.932358e-03	-8.932358e-03	8.932358e-03
9.948242253687860e-01	-3.195016e-01	-3.099378e-01	-9.263236e-03	-9.263236e-03	9.263236e-03
9.958007878687860e-01	-2.607937e-01	-2.510112e-01	-9.537128e-03	-9.537128e-03	9.537128e-03
9.967773503687860e-01	-2.011042e-01	-1.911620e-01	-9.753023e-03	-9.753023e-03	9.753023e-03
9.977539128687860e-01	-1.406578e-01	-1.306154e-01	-9.910131e-03	-9.910131e-03	9.910131e-03
9.997070378687860e-01	-1.840631e-02	-8.340668e-03	-1.005641e-02	-1.005641e-02	1.005641e-02
1.000000000000000e+00	-2.449294e-15	1.006065e-02	-1.006065e-02	-1.006065e-02	1.006065e-02
