time	V(n002)	V(n001)	V(n004)	I(C2)	I(C1)	I(V2)	I(V1)
0.000000000000000e+00	0.000000e+00	1.000000e+00	3.333333e-01	6.666666e-13	3.333333e-13	-6.666666e-13	-6.666666e-13
9.999999717180685e-10	6.283185e-08	1.000000e+00	3.333334e-01	2.356194e+01	2.356194e+01	-2.356194e+01	-2.356194e+01
1.999999943436137e-09	1.256637e-07	1.000000e+00	3.333334e-01	3.141593e+01	3.141593e+01	-3.141593e+01	-3.141593e+01
4.288161386205582e-04	2.697838e-02	1.026978e+00	3.468149e-01	3.139968e+01	3.139968e+01	-3.139968e+01	-3.139968e+01
8.576302772411729e-04	5.389180e-02	1.053892e+00	3.602624e-01	3.136140e+01	3.136140e+01	-3.136140e+01	-3.136140e+01
1.286444415861788e-03	8.074038e-02	1.080740e+00	3.736757e-01	3.130109e+01	3.130109e+01	-3.130109e+01	-3.130109e+01
1.715258554482402e-03	1.075241e-01	1.107524e+00	3.870550e-01	3.121874e+01	3.121874e+01	-3.121874e+01	-3.121874e+01
2.144072693103017e-03	1.342430e-01	1.134243e+00	4.004002e-01	3.111435e+01	3.111435e+01	-3.111435e+01	-3.111435e+01
2.572886831723632e-03	1.608971e-01	1.160897e+00	4.137113e-01	3.098793e+01	3.098793e+01	-3.098793e+01	-3.098793e+01
3.001700970344245e-03	1.874863e-01	1.187486e+00	4.269883e-01	3.083947e+01	3.083947e+01	-3.083947e+01	-3.083947e+01
4.954825970344245e-03	3.063163e-01	1.306316e+00	4.863474e-01	2.988700e+01	2.988700e+01	-2.988700e+01	-2.988700e+01
6.907950970344245e-03	4.205390e-01	1.420539e+00	5.434050e-01	2.848499e+01	2.848499e+01	-2.848499e+01	-2.848499e+01
8.861075970344245e-03	5.284365e-01	1.528436e+00	5.973030e-01	2.665454e+01	2.665454e+01	-2.665454e+01	-2.665454e+01
1.081420097034425e-02	6.283857e-01	1.628386e+00	6.472306e-01	2.442318e+01	2.442318e+01	-2.442318e+01	-2.442318e+01
1.276732597034425e-02	7.188835e-01	1.718884e+00	6.924368e-01	2.182447e+01	2.182447e+01	-2.182447e+01	-2.182447e+01
1.472045097034425e-02	7.985685e-01	1.798568e+00	7.322419e-01	1.889751e+01	1.889751e+01	-1.889751e+01	-1.889751e+01
1.667357597034425e-02	8.662424e-01	1.866242e+00	7.660470e-01	1.568630e+01	1.568630e+01	-1.568630e+01	-1.568630e+01
1.862670097034425e-02	9.208872e-01	1.920887e+00	7.933437e-01	1.223916e+01	1.223916e+01	-1.223916e+01	-1.223916e+01
2.057982597034425e-02	9.616809e-01	1.961681e+00	8.137214e-01	8.607937e+00	8.607937e+00	-8.607937e+00	-8.607937e+00
2.253295097034425e-02	9.880101e-01	1.988010e+00	8.268735e-01	4.847239e+00	4.847239e+00	-4.847239e+00	-4.847239e+00
2.448607597034425e-02	9.994787e-01	1.999479e+00	8.326024e-01	1.013633e+00	1.013633e+00	-1.013633e+00	-1.013633e+00
2.643920097034425e-02	9.959142e-01	1.995914e+00	8.308219e-01	-2.835219e+00	-2.835219e+00	2.835219e+00	2.835219e+00
2.839232597034425e-02	9.773703e-01	1.977370e+00	8.215586e-01	-6.641426e+00	-6.641426e+00	6.641426e+00	6.641426e+00
3.034545097034425e-02	9.441257e-01	1.944126e+00	8.049520e-01	-1.034774e+01	-1.034774e+01	1.034774e+01	1.034774e+01
3.229857597034425e-02	8.966807e-01	1.896681e+00	7.812518e-01	-1.389841e+01	-1.389841e+01	1.389841e+01	1.389841e+01
3.425170097034425e-02	8.357487e-01	1.835749e+00	7.508144e-01	-1.724004e+01	-1.724004e+01	1.724004e+01	1.724004e+01
3.620482597034425e-02	7.622463e-01	1.762246e+00	7.140979e-01	-2.032237e+01	-2.032237e+01	2.032237e+01	2.032237e+01
3.815795097034425e-02	6.772790e-01	1.677279e+00	6.716542e-01	-2.309902e+01	-2.309902e+01	2.309902e+01	2.309902e+01
4.011107597034425e-02	5.821248e-01	1.582125e+00	6.241218e-01	-2.552825e+01	-2.552825e+01	2.552825e+01	2.552825e+01
4.206420097034425e-02	4.782149e-01	1.478215e+00	5.722158e-01	-2.757351e+01	-2.757351e+01	2.757351e+01	2.757351e+01
4.401732597034425e-02	3.671122e-01	1.367112e+00	5.167167e-01	-2.920403e+01	-2.920403e+01	2.920403e+01	2.920403e+01
4.597045097034425e-02	2.504877e-01	1.250488e+00	4.584594e-01	-3.039530e+01	-3.039530e+01	3.039530e+01	3.039530e+01
4.792357597034425e-02	1.300958e-01	1.130096e+00	3.983200e-01	-3.112939e+01	-3.112939e+01	3.112939e+01	3.112939e+01
4.987670097034425e-02	7.747029e-03	1.007747e+00	3.372032e-01	-3.139528e+01	-3.139528e+01	3.139528e+01	3.139528e+01
5.182982597034425e-02	-1.147182e-01	8.852817e-01	2.760282e-01	-3.118894e+01	-3.118894e+01	3.118894e+01	3.118894e+01
5.378295097034425e-02	-2.354580e-01	7.645420e-01	2.157151e-01	-3.051350e+01	-3.051350e+01	3.051350e+01	3.051350e+01
5.573607597034425e-02	-3.526563e-01	6.473437e-01	1.571711e-01	-2.937910e+01	-2.937910e+01	2.937910e+01	2.937910e+01
5.671263847034425e-02	-4.093737e-01	5.906263e-01	1.288391e-01	-2.864487e+01	-2.864487e+01	2.864487e+01	2.864487e+01
5.768920097034425e-02	-4.645503e-01	5.354497e-01	1.012767e-01	-2.780282e+01	-2.780282e+01	2.780282e+01	2.780282e+01
5.866576347034425e-02	-5.179785e-01	4.820215e-01	7.458779e-02	-2.685612e+01	-2.685612e+01	2.685612e+01	2.685612e+01
5.964232597034425e-02	-5.694571e-01	4.305429e-01	4.887272e-02	-2.580835e+01	-2.580835e+01	2.580835e+01	2.580835e+01
6.061888847034425e-02	-6.187924e-01	3.812076e-01	2.422829e-02	-2.466344e+01	-2.466344e+01	2.466344e+01	2.466344e+01
6.159545097034425e-02	-6.657986e-01	3.342014e-01	7.472566e-04	-2.342571e+01	-2.342571e+01	2.342571e+01	2.342571e+01
6.257201347034425e-02	-7.102990e-01	2.897010e-01	-2.148199e-02	-2.209980e+01	-2.209980e+01	2.209980e+01	2.209980e+01
6.354857597034425e-02	-7.521260e-01	2.478740e-01	-4.237580e-02	-2.069072e+01	-2.069072e+01	2.069072e+01	2.069072e+01
6.452513847034425e-02	-7.911221e-01	2.088779e-01	-6.185552e-02	-1.920375e+01	-1.920375e+01	1.920375e+01	1.920375e+01
6.550170097034425e-02	-8.271406e-01	1.728594e-01	-7.984784e-02	-1.764452e+01	-1.764452e+01	1.764452e+01	1.764452e+01
6.647826347034425e-02	-8.600460e-01	1.399540e-01	-9.628505e-02	-1.601887e+01	-1.601887e+01	1.601887e+01	1.601887e+01
6.745482597034425e-02	-8.897144e-01	1.102857e-01	-1.111053e-01	-1.433293e+01	-1.433293e+01	1.433293e+01	1.433293e+01
6.843138847034425e-02	-9.160340e-01	8.396599e-02	-1.242527e-01	-1.259304e+01	-1.259304e+01	1.259304e+01	1.259304e+01
6.940795097034425e-02	-9.389059e-01	6.109409e-02	-1.356779e-01	-1.080576e+01	-1.080576e+01	1.080576e+01	1.080576e+01
7.038451347034425e-02	-9.582440e-01	4.175600e-02	-1.453378e-01	-8.977805e+00	-8.977805e+00	8.977805e+00	8.977805e+00
7.136107597034425e-02	-9.739755e-01	2.602453e-02	-1.531962e-01	-7.116061e+00	-7.116061e+00	7.116061e+00	7.116061e+00
7.233763847034425e-02	-9.860411e-01	1.395889e-02	-1.592233e-01	-5.227534e+00	-5.227534e+00	5.227534e+00	5.227534e+00
7.331420097034425e-02	-9.943955e-01	5.604479e-03	-1.633966e-01	-3.319331e+00	-3.319331e+00	3.319331e+00	3.319331e+00
7.429076347034425e-02	-9.990072e-01	9.927504e-04	-1.657003e-01	-1.398636e+00	-1.398636e+00	1.398636e+00	1.398636e+00
7.526732597034425e-02	-9.998589e-01	1.410593e-04	-1.661257e-01	5.273244e-01	5.273244e-01	-5.273244e-01	-5.273244e-01
7.624388847034425e-02	-9.969474e-01	3.052612e-03	-1.646713e-01	2.451300e+00	2.451300e+00	-2.451300e+00	-2.451300e+00
7.722045097034425e-02	-9.902835e-01	9.716448e-03	-1.613425e-01	4.366049e+00	4.366049e+00	-4.366049e+00	-4.366049e+00
7.819701347034425e-02	-9.798925e-01	2.010749e-02	-1.561519e-01	6.264365e+00	6.264365e+00	-6.264365e+00	-6.264365e+00
7.917357597034425e-02	-9.658134e-01	3.418662e-02	-1.491190e-01	8.139104e+00	8.139104e+00	-8.139104e+00	-8.139104e+00
8.015013847034425e-02	-9.480991e-01	5.190086e-02	-1.402702e-01	9.983209e+00	9.983209e+00	-9.983209e+00	-9.983209e+00
8.112670097034425e-02	-9.268165e-01	7.318353e-02	-1.296389e-01	1.178974e+01	1.178974e+01	-1.178974e+01	-1.178974e+01
8.210326347034425e-02	-9.020455e-01	9.795453e-02	-1.172650e-01	1.355190e+01	1.355190e+01	-1.355190e+01	-1.355190e+01
8.307982597034425e-02	-8.738794e-01	1.261206e-01	-1.031952e-01	1.526305e+01	1.526305e+01	-1.526305e+01	-1.526305e+01
8.405638847034425e-02	-8.424242e-01	1.575758e-01	-8.748243e-02	1.691675e+01	1.691675e+01	-1.691675e+01	-1.691675e+01
8.503295097034425e-02	-8.077983e-01	1.922017e-01	-7.018578e-02	1.850678e+01	1.850678e+01	-1.850678e+01	-1.850678e+01
8.600951347034425e-02	-7.701321e-01	2.298679e-01	-5.137038e-02	2.002716e+01	2.002716e+01	-2.002716e+01	-2.002716e+01
8.698607597034425e-02	-7.295672e-01	2.704328e-01	-3.110705e-02	2.147216e+01	2.147216e+01	-2.147216e+01	-2.147216e+01
8.796263847034425e-02	-6.862565e-01	3.137435e-01	-9.472036e-03	2.283634e+01	2.283634e+01	-2.283634e+01	-2.283634e+01
8.893920097034425e-02	-6.403628e-01	3.596372e-01	1.345322e-02	2.411457e+01	2.411457e+01	-2.411457e+01	-2.411457e+01
8.991576347034425e-02	-5.920589e-01	4.079411e-01	3.758242e-02	2.530204e+01	2.530204e+01	-2.530204e+01	-2.530204e+01
9.089232597034425e-02	-5.415267e-01	4.584733e-01	6.282477e-02	2.639428e+01	2.639428e+01	-2.639428e+01	-2.639428e+01
9.186888847034425e-02	-4.889562e-01	5.110437e-01	8.908525e-02	2.738718e+01	2.738718e+01	-2.738718e+01	-2.738718e+01
9.284545097034425e-02	-4.345455e-01	5.654545e-01	1.162650e-01	2.827700e+01	2.827700e+01	-2.827700e+01	-2.827700e+01
9.479857597034425e-02	-3.210284e-01	6.789716e-01	1.729702e-01	2.973440e+01	2.973440e+01	-2.973440e+01	-2.973440e+01
9.675170097034425e-02	-2.026826e-01	7.973174e-01	2.320874e-01	3.074457e+01	3.074457e+01	-3.074457e+01	-3.074457e+01
9.870482597034425e-02	-8.128840e-02	9.187116e-01	2.927274e-01	3.129231e+01	3.129231e+01	-3.129231e+01	-3.129231e+01
1.006579509703442e-01	4.132850e-02	1.041329e+00	3.539782e-01	3.136939e+01	3.136939e+01	-3.136939e+01	-3.136939e+01
1.026110759703442e-01	1.633238e-01	1.163324e+00	4.149184e-01	3.097465e+01	3.097465e+01	-3.097465e+01	-3.097465e+01
1.045642009703442e-01	2.828625e-01	1.282863e+00	4.746315e-01	3.011401e+01	3.011401e+01	-3.011401e+01	-3.011401e+01
1.065173259703442e-01	3.981467e-01	1.398147e+00	5.322194e-01	2.880043e+01	2.880043e+01	-2.880043e+01	-2.880043e+01
1.084704509703442e-01	5.074425e-01	1.507442e+00	5.868158e-01	2.705367e+01	2.705367e+01	-2.705367e+01	-2.705367e+01
1.104235759703442e-01	6.091058e-01	1.609106e+00	6.375996e-01	2.489999e+01	2.489999e+01	-2.489999e+01	-2.489999e+01
1.123767009703442e-01	7.016076e-01	1.701608e+00	6.838070e-01	2.237180e+01	2.237180e+01	-2.237180e+01	-2.237180e+01
1.143298259703442e-01	7.835566e-01	1.783557e+00	7.247429e-01	1.950711e+01	1.950711e+01	-1.950711e+01	-1.950711e+01
1.162829509703442e-01	8.537201e-01	1.853720e+00	7.597917e-01	1.634902e+01	1.634902e+01	-1.634902e+01	-1.634902e+01
1.182360759703442e-01	9.110429e-01	1.911043e+00	7.884262e-01	1.294502e+01	1.294502e+01	-1.294502e+01	-1.294502e+01
1.201892009703442e-01	9.546628e-01	1.954663e+00	8.102156e-01	9.346321e+00	9.346321e+00	-9.346321e+00	-9.346321e+00
1.221423259703442e-01	9.839236e-01	1.983924e+00	8.248323e-01	5.607042e+00	5.607042e+00	-5.607042e+00	-5.607042e+00
1.240954509703442e-01	9.983854e-01	1.998385e+00	8.320563e-01	1.783427e+00	1.783427e+00	-1.783427e+00	-1.783427e+00
1.260485759703442e-01	9.978305e-01	1.997830e+00	8.317791e-01	-2.067011e+00	-2.067011e+00	2.067011e+00	2.067011e+00
1.280017009703442e-01	9.822672e-01	1.982267e+00	8.240048e-01	-5.886360e+00	-5.886360e+00	5.886360e+00	5.886360e+00
1.299548259703442e-01	9.519298e-01	1.951930e+00	8.088503e-01	-9.617173e+00	-9.617173e+00	9.617173e+00	9.617173e+00
1.319079509703442e-01	9.072744e-01	1.907274e+00	7.865437e-01	-1.320333e+01	-1.320333e+01	1.320333e+01	1.320333e+01
1.338610759703442e-01	8.489729e-01	1.848973e+00	7.574204e-01	-1.659091e+01	-1.659091e+01	1.659091e+01	1.659091e+01
1.358142009703442e-01	7.779019e-01	1.777902e+00	7.219183e-01	-1.972894e+01	-1.972894e+01	1.972894e+01	1.972894e+01
1.377673259703442e-01	6.951306e-01	1.695131e+00	6.805716e-01	-2.257022e+01	-2.257022e+01	2.257022e+01	2.257022e+01
1.397204509703442e-01	6.019039e-01	1.601904e+00	6.340021e-01	-2.507203e+01	-2.507203e+01	2.507203e+01	2.507203e+01
1.416735759703442e-01	4.996240e-01	1.499624e+00	5.829103e-01	-2.719673e+01	-2.719673e+01	2.719673e+01	2.719673e+01
1.436267009703442e-01	3.898293e-01	1.389829e+00	5.280645e-01	-2.891237e+01	-2.891237e+01	2.891237e+01	2.891237e+01
1.455798259703442e-01	2.741711e-01	1.274171e+00	4.702899e-01	-3.019314e+01	-3.019314e+01	3.019314e+01	3.019314e+01
1.475329509703442e-01	1.543892e-01	1.154389e+00	4.104553e-01	-3.101978e+01	-3.101978e+01	3.101978e+01	3.101978e+01
1.494860759703442e-01	3.228519e-02	1.032285e+00	3.494607e-01	-3.137985e+01	-3.137985e+01	3.137985e+01	3.137985e+01
1.514392009703442e-01	-9.030447e-02	9.096955e-01	2.882236e-01	-3.126794e+01	-3.126794e+01	3.126794e+01	3.126794e+01
1.533923259703442e-01	-2.115359e-01	7.884641e-01	2.276649e-01	-3.068573e+01	-3.068573e+01	3.068573e+01	3.068573e+01
1.553454509703442e-01	-3.295856e-01	6.704144e-01	1.686956e-01	-2.964198e+01	-2.964198e+01	2.964198e+01	2.964198e+01
1.563220134703442e-01	-3.868598e-01	6.131402e-01	1.400854e-01	-2.895166e+01	-2.895166e+01	2.895166e+01	2.895166e+01
1.572985759703442e-01	-4.426780e-01	5.573220e-01	1.122026e-01	-2.815238e+01	-2.815238e+01	2.815238e+01	2.815238e+01
1.582751384703442e-01	-4.968300e-01	5.031700e-01	8.515205e-02	-2.724714e+01	-2.724714e+01	2.724714e+01	2.724714e+01
1.592517009703442e-01	-5.491121e-01	4.508879e-01	5.903560e-02	-2.623935e+01	-2.623935e+01	2.623935e+01	2.623935e+01
1.602282634703442e-01	-5.993275e-01	4.006725e-01	3.395155e-02	-2.513280e+01	-2.513280e+01	2.513280e+01	2.513280e+01
1.612048259703442e-01	-6.472871e-01	3.527129e-01	9.994302e-03	-2.393165e+01	-2.393165e+01	2.393165e+01	2.393165e+01
1.621813884703442e-01	-6.928105e-01	3.071895e-01	-1.274597e-02	-2.264043e+01	-2.264043e+01	2.264043e+01	2.264043e+01
1.631579509703442e-01	-7.357263e-01	2.642737e-01	-3.418368e-02	-2.126400e+01	-2.126400e+01	2.126400e+01	2.126400e+01
1.641345134703442e-01	-7.758730e-01	2.241270e-01	-5.423814e-02	-1.980753e+01	-1.980753e+01	1.980753e+01	1.980753e+01
1.651110759703442e-01	-8.130995e-01	1.869005e-01	-7.283387e-02	-1.827652e+01	-1.827652e+01	1.827652e+01	1.827652e+01
1.660876384703442e-01	-8.472657e-01	1.527344e-01	-8.990087e-02	-1.667671e+01	-1.667671e+01	1.667671e+01	1.667671e+01
1.670642009703442e-01	-8.782429e-01	1.217571e-01	-1.053749e-01	-1.501414e+01	-1.501414e+01	1.501414e+01	1.501414e+01
1.680407634703442e-01	-9.059146e-01	9.408540e-02	-1.191978e-01	-1.329506e+01	-1.329506e+01	1.329506e+01	1.329506e+01
1.690173259703442e-01	-9.301767e-01	6.982332e-02	-1.313174e-01	-1.152593e+01	-1.152593e+01	1.152593e+01	1.152593e+01
1.699938884703442e-01	-9.509378e-01	4.906221e-02	-1.416882e-01	-9.713430e+00	-9.713430e+00	9.713430e+00	9.713430e+00
1.709704509703442e-01	-9.681197e-01	3.188023e-02	-1.502711e-01	-7.864367e+00	-7.864367e+00	7.864367e+00	7.864367e+00
1.719470134703442e-01	-9.816580e-01	1.834203e-02	-1.570338e-01	-5.985706e+00	-5.985706e+00	5.985706e+00	5.985706e+00
1.729235759703442e-01	-9.915015e-01	8.498567e-03	-1.619509e-01	-4.084515e+00	-4.084515e+00	4.084515e+00	4.084515e+00
1.739001384703442e-01	-9.976131e-01	2.386893e-03	-1.650039e-01	-2.167951e+00	-2.167951e+00	2.167951e+00	2.167951e+00
1.748767009703442e-01	-9.999700e-01	3.000868e-05	-1.661812e-01	-2.432274e-01	-2.432274e-01	2.432274e-01	2.432274e-01
1.758532634703442e-01	-9.985632e-01	1.436786e-03	-1.654785e-01	1.682412e+00	1.682412e+00	-1.682412e+00	-1.682412e+00
1.768298259703442e-01	-9.933981e-01	6.601929e-03	-1.628983e-01	3.601719e+00	3.601719e+00	-3.601719e+00	-3.601719e+00
1.778063884703442e-01	-9.844940e-01	1.550600e-02	-1.584505e-01	5.507469e+00	5.507469e+00	-5.507469e+00	-5.507469e+00
1.787829509703442e-01	-9.718845e-01	2.811548e-02	-1.521517e-01	7.392491e+00	7.392491e+00	-7.392491e+00	-7.392491e+00
1.797595134703442e-01	-9.556171e-01	4.438292e-02	-1.440256e-01	9.249689e+00	9.249689e+00	-9.249689e+00	-9.249689e+00
1.807360759703442e-01	-9.357529e-01	6.424708e-02	-1.341029e-01	1.107207e+01	1.107207e+01	-1.107207e+01	-1.107207e+01
1.817126384703442e-01	-9.123668e-01	8.763321e-02	-1.224208e-01	1.285279e+01	1.285279e+01	-1.285279e+01	-1.285279e+01
1.826892009703442e-01	-8.855467e-01	1.144533e-01	-1.090234e-01	1.458512e+01	1.458512e+01	-1.458512e+01	-1.458512e+01
1.836657634703442e-01	-8.553936e-01	1.446063e-01	-9.396106e-02	1.626256e+01	1.626256e+01	-1.626256e+01	-1.626256e+01
1.846423259703442e-01	-8.220211e-01	1.779789e-01	-7.729047e-02	1.787880e+01	1.787880e+01	-1.787880e+01	-1.787880e+01
1.856188884703442e-01	-7.855546e-01	2.144454e-01	-5.907439e-02	1.942774e+01	1.942774e+01	-1.942774e+01	-1.942774e+01
1.865954509703442e-01	-7.461315e-01	2.538685e-01	-3.938137e-02	2.090356e+01	2.090356e+01	-2.090356e+01	-2.090356e+01
1.875720134703442e-01	-7.039001e-01	2.960999e-01	-1.828554e-02	2.230070e+01	2.230070e+01	-2.230070e+01	-2.230070e+01
1.885485759703442e-01	-6.590194e-01	3.409806e-01	4.133703e-03	2.361391e+01	2.361391e+01	-2.361391e+01	-2.361391e+01
1.895251384703442e-01	-6.116582e-01	3.883418e-01	2.779198e-02	2.483824e+01	2.483824e+01	-2.483824e+01	-2.483824e+01
1.905017009703442e-01	-5.619950e-01	4.380050e-01	5.260025e-02	2.596909e+01	2.596909e+01	-2.596909e+01	-2.596909e+01
1.914782634703442e-01	-5.102165e-01	4.897835e-01	7.846513e-02	2.700219e+01	2.700219e+01	-2.700219e+01	-2.700219e+01
1.924548259703442e-01	-4.565177e-01	5.434823e-01	1.052893e-01	2.793366e+01	2.793366e+01	-2.793366e+01	-2.793366e+01
1.934313884703442e-01	-4.011006e-01	5.988994e-01	1.329717e-01	2.876000e+01	2.876000e+01	-2.876000e+01	-2.876000e+01
1.953845134703442e-01	-2.859518e-01	7.140482e-01	1.904920e-01	3.008524e+01	3.008524e+01	-3.008524e+01	-3.008524e+01
1.973376384703442e-01	-1.665020e-01	8.334979e-01	2.501607e-01	3.095796e+01	3.095796e+01	-3.095796e+01	-3.095796e+01
1.992907634703442e-01	-4.454790e-02	9.554521e-01	3.110803e-01	3.136505e+01	3.136505e+01	-3.136505e+01	-3.136505e+01
2.012438884703442e-01	7.807627e-02	1.078076e+00	3.723347e-01	3.130038e+01	3.130038e+01	-3.130038e+01	-3.130038e+01
2.031970134703442e-01	1.995261e-01	1.199526e+00	4.330025e-01	3.076492e+01	3.076492e+01	-3.076492e+01	-3.076492e+01
2.051501384703442e-01	3.179749e-01	1.317975e+00	4.921712e-01	2.976673e+01	2.976673e+01	-2.976673e+01	-2.976673e+01
2.071032634703442e-01	4.316410e-01	1.431641e+00	5.489508e-01	2.832082e+01	2.832082e+01	-2.832082e+01	-2.832082e+01
2.090563884703442e-01	5.388149e-01	1.538815e+00	6.024873e-01	2.644893e+01	2.644893e+01	-2.644893e+01	-2.644893e+01
2.110095134703442e-01	6.378844e-01	1.637884e+00	6.519755e-01	2.417923e+01	2.417923e+01	-2.417923e+01	-2.417923e+01
2.129626384703442e-01	7.273597e-01	1.727360e+00	6.966709e-01	2.154586e+01	2.154586e+01	-2.154586e+01	-2.154586e+01
2.149157634703442e-01	8.058947e-01	1.805895e+00	7.359015e-01	1.858841e+01	1.858841e+01	-1.858841e+01	-1.858841e+01
2.168688884703442e-01	8.723083e-01	1.872308e+00	7.690771e-01	1.535138e+01	1.535138e+01	-1.535138e+01	-1.535138e+01
2.188220134703442e-01	9.256016e-01	1.925602e+00	7.956986e-01	1.188344e+01	1.188344e+01	-1.188344e+01	-1.188344e+01
2.207751384703442e-01	9.649730e-01	1.964973e+00	8.153659e-01	8.236773e+00	8.236773e+00	-8.236773e+00	-8.236773e+00
2.227282634703442e-01	9.898303e-01	1.989830e+00	8.277828e-01	4.466213e+00	4.466213e+00	-4.466213e+00	-4.466213e+00
2.246813884703442e-01	9.997996e-01	1.999800e+00	8.327627e-01	6.284773e-01	6.284773e-01	-6.284773e-01	-6.284773e-01
2.266345134703442e-01	9.947310e-01	1.994731e+00	8.302308e-01	-3.218711e+00	-3.218711e+00	3.218711e+00	3.218711e+00
2.285876384703442e-01	9.747007e-01	1.974701e+00	8.202251e-01	-7.017488e+00	-7.017488e+00	7.017488e+00	7.017488e+00
2.305407634703442e-01	9.400101e-01	1.940010e+00	8.028961e-01	-1.071071e+01	-1.071071e+01	1.071071e+01	1.071071e+01
2.324938884703442e-01	8.911808e-01	1.891181e+00	7.785045e-01	-1.424284e+01	-1.424284e+01	1.424284e+01	1.424284e+01
2.344470134703442e-01	8.289473e-01	1.828947e+00	7.474170e-01	-1.756074e+01	-1.756074e+01	1.756074e+01	1.756074e+01
2.364001384703442e-01	7.542456e-01	1.754246e+00	7.101014e-01	-2.061452e+01	-2.061452e+01	2.061452e+01	2.061452e+01
2.383532634703442e-01	6.681995e-01	1.668200e+00	6.671187e-01	-2.335822e+01	-2.335822e+01	2.335822e+01	2.335822e+01
2.403063884703442e-01	5.721030e-01	1.572103e+00	6.191157e-01	-2.575061e+01	-2.575061e+01	2.575061e+01	2.575061e+01
2.422595134703442e-01	4.674015e-01	1.467402e+00	5.668142e-01	-2.775567e+01	-2.775567e+01	2.775567e+01	2.775567e+01
2.442126384703442e-01	3.556698e-01	1.355670e+00	5.110009e-01	-2.934327e+01	-2.934327e+01	2.934327e+01	2.934327e+01
2.461657634703442e-01	2.385886e-01	1.238589e+00	4.525154e-01	-3.048952e+01	-3.048952e+01	3.048952e+01	3.048952e+01
2.481188884703442e-01	1.179187e-01	1.117919e+00	3.922372e-01	-3.117717e+01	-3.117717e+01	3.117717e+01	3.117717e+01
2.500720134703442e-01	-4.524725e-03	9.954753e-01	3.310731e-01	-3.139590e+01	-3.139590e+01	3.139590e+01	3.139590e+01
2.520251384703442e-01	-1.269001e-01	8.730999e-01	2.699430e-01	-3.114240e+01	-3.114240e+01	3.114240e+01	3.114240e+01
2.539782634703442e-01	-2.473668e-01	7.526332e-01	2.097663e-01	-3.042048e+01	-3.042048e+01	3.042048e+01	3.042048e+01
2.559313884703442e-01	-3.641129e-01	6.358871e-01	1.514482e-01	-2.924102e+01	-2.924102e+01	2.924102e+01	2.924102e+01
2.569079509703442e-01	-4.205390e-01	5.794610e-01	1.232617e-01	-2.848499e+01	-2.848499e+01	2.848499e+01	2.848499e+01
2.578845134703442e-01	-4.753824e-01	5.246176e-01	9.586580e-02	-2.762174e+01	-2.762174e+01	2.762174e+01	2.762174e+01
2.588610759703442e-01	-5.284365e-01	4.715635e-01	6.936371e-02	-2.665454e+01	-2.665454e+01	2.665454e+01	2.665454e+01
2.598376384703442e-01	-5.795016e-01	4.204984e-01	4.385515e-02	-2.558701e+01	-2.558701e+01	2.558701e+01	2.558701e+01
2.608142009703442e-01	-6.283857e-01	3.716143e-01	1.943611e-02	-2.442318e+01	-2.442318e+01	2.442318e+01	2.442318e+01
2.617907634703442e-01	-6.749047e-01	3.250953e-01	-3.801483e-03	-2.316742e+01	-2.316742e+01	2.316742e+01	2.316742e+01
2.627673259703442e-01	-7.188835e-01	2.811165e-01	-2.577018e-02	-2.182447e+01	-2.182447e+01	2.182447e+01	2.182447e+01
2.637438884703442e-01	-7.601565e-01	2.398435e-01	-4.638730e-02	-2.039938e+01	-2.039938e+01	2.039938e+01	2.039938e+01
2.647204509703442e-01	-7.985685e-01	2.014315e-01	-6.557523e-02	-1.889751e+01	-1.889751e+01	1.889751e+01	1.889751e+01
2.656970134703442e-01	-8.339749e-01	1.660251e-01	-8.326176e-02	-1.732451e+01	-1.732451e+01	1.732451e+01	1.732451e+01
2.666735759703442e-01	-8.662424e-01	1.337576e-01	-9.938031e-02	-1.568630e+01	-1.568630e+01	1.568630e+01	1.568630e+01
2.676501384703442e-01	-8.952495e-01	1.047505e-01	-1.138702e-01	-1.398906e+01	-1.398906e+01	1.398906e+01	1.398906e+01
2.686267009703442e-01	-9.208872e-01	7.911285e-02	-1.266770e-01	-1.223916e+01	-1.223916e+01	1.223916e+01	1.223916e+01
2.696032634703442e-01	-9.430588e-01	5.694124e-02	-1.377524e-01	-1.044320e+01	-1.044320e+01	1.044320e+01	1.044320e+01
2.705798259703442e-01	-9.616809e-01	3.831909e-02	-1.470547e-01	-8.607937e+00	-8.607937e+00	8.607937e+00	8.607937e+00
2.715563884703442e-01	-9.766835e-01	2.331649e-02	-1.545489e-01	-6.740272e+00	-6.740272e+00	6.740272e+00	6.740272e+00
2.725329509703442e-01	-9.880101e-01	1.198990e-02	-1.602069e-01	-4.847239e+00	-4.847239e+00	4.847239e+00	4.847239e+00
2.735095134703442e-01	-9.956180e-01	4.381960e-03	-1.640073e-01	-2.935961e+00	-2.935961e+00	2.935961e+00	2.935961e+00
2.744860759703442e-01	-9.994787e-01	5.213026e-04	-1.659358e-01	-1.013633e+00	-1.013633e+00	1.013633e+00	1.013633e+00
2.754626384703442e-01	-9.995775e-01	4.224571e-04	-1.659852e-01	9.125103e-01	9.125103e-01	-9.125103e-01	-9.125103e-01
2.764392009703442e-01	-9.959142e-01	4.085796e-03	-1.641552e-01	2.835219e+00	2.835219e+00	-2.835219e+00	-2.835219e+00
2.774157634703442e-01	-9.885024e-01	1.149753e-02	-1.604528e-01	4.747256e+00	4.747256e+00	-4.747256e+00	-4.747256e+00
2.783923259703442e-01	-9.773703e-01	2.262977e-02	-1.548920e-01	6.641426e+00	6.641426e+00	-6.641426e+00	-6.641426e+00
2.793688884703442e-01	-9.625594e-01	3.744060e-02	-1.474935e-01	8.510599e+00	8.510599e+00	-8.510599e+00	-8.510599e+00
2.803454509703442e-01	-9.441257e-01	5.587430e-02	-1.382853e-01	1.034774e+01	1.034774e+01	-1.034774e+01	-1.034774e+01
2.813220134703442e-01	-9.221385e-01	7.786147e-02	-1.273021e-01	1.214594e+01	1.214594e+01	-1.214594e+01	-1.214594e+01
2.822985759703442e-01	-8.966807e-01	1.033194e-01	-1.145851e-01	1.389841e+01	1.389841e+01	-1.389841e+01	-1.389841e+01
2.832751384703442e-01	-8.678479e-01	1.321521e-01	-1.001823e-01	1.559858e+01	1.559858e+01	-1.559858e+01	-1.559858e+01
2.842517009703442e-01	-8.357487e-01	1.642513e-01	-8.414781e-02	1.724004e+01	1.724004e+01	-1.724004e+01	-1.724004e+01
2.852282634703442e-01	-8.005039e-01	1.994961e-01	-6.654202e-02	1.881662e+01	1.881662e+01	-1.881662e+01	-1.881662e+01
2.862048259703442e-01	-7.622463e-01	2.377537e-01	-4.743119e-02	2.032237e+01	2.032237e+01	-2.032237e+01	-2.032237e+01
2.871813884703442e-01	-7.211197e-01	2.788803e-01	-2.688725e-02	2.175163e+01	2.175163e+01	-2.175163e+01	-2.175163e+01
2.881579509703442e-01	-6.772790e-01	3.227210e-01	-4.987512e-03	2.309902e+01	2.309902e+01	-2.309902e+01	-2.309902e+01
2.891345134703442e-01	-6.308891e-01	3.691109e-01	1.818558e-02	2.435948e+01	2.435948e+01	-2.435948e+01	-2.435948e+01
2.901110759703442e-01	-5.821248e-01	4.178752e-01	4.254482e-02	2.552825e+01	2.552825e+01	-2.552825e+01	-2.552825e+01
2.910876384703442e-01	-5.311694e-01	4.688306e-01	6.799853e-02	2.660093e+01	2.660093e+01	-2.660093e+01	-2.660093e+01
2.920642009703442e-01	-4.782149e-01	5.217851e-01	9.445089e-02	2.757350e+01	2.757350e+01	-2.757350e+01	-2.757350e+01
2.930407634703442e-01	-4.234604e-01	5.765396e-01	1.218024e-01	2.844229e+01	2.844229e+01	-2.844229e+01	-2.844229e+01
2.949938884703442e-01	-3.093822e-01	6.906178e-01	1.787878e-01	2.985585e+01	2.985585e+01	-2.985585e+01	-2.985585e+01
2.969470134703442e-01	-1.906505e-01	8.093495e-01	2.380978e-01	3.082035e+01	3.082035e+01	-3.082035e+01	-3.082035e+01
2.989001384703442e-01	-6.905135e-02	9.309487e-01	2.988401e-01	3.132128e+01	3.132128e+01	-3.132128e+01	-3.132128e+01
3.008532634703442e-01	5.358645e-02	1.053586e+00	3.601013e-01	3.135111e+01	3.135111e+01	-3.135111e+01	-3.135111e+01
3.028063884703442e-01	1.754182e-01	1.175418e+00	4.209599e-01	3.090939e+01	3.090939e+01	-3.090939e+01	-3.090939e+01
3.047595134703442e-01	2.946116e-01	1.294612e+00	4.805005e-01	3.000276e+01	3.000276e+01	-3.000276e+01	-3.000276e+01
3.067126384703442e-01	4.093737e-01	1.409374e+00	5.378276e-01	2.864487e+01	2.864487e+01	-2.864487e+01	-2.864487e+01
3.086657634703442e-01	5.179785e-01	1.517978e+00	5.920789e-01	2.685612e+01	2.685612e+01	-2.685612e+01	-2.685612e+01
3.106188884703442e-01	6.187924e-01	1.618792e+00	6.424384e-01	2.466344e+01	2.466344e+01	-2.466344e+01	-2.466344e+01
3.125720134703442e-01	7.102990e-01	1.710299e+00	6.881486e-01	2.209980e+01	2.209980e+01	-2.209980e+01	-2.209980e+01
3.145251384703442e-01	7.911221e-01	1.791122e+00	7.285222e-01	1.920375e+01	1.920375e+01	-1.920375e+01	-1.920375e+01
3.164782634703442e-01	8.600460e-01	1.860046e+00	7.629517e-01	1.601887e+01	1.601887e+01	-1.601887e+01	-1.601887e+01
3.184313884703442e-01	9.160340e-01	1.916034e+00	7.909194e-01	1.259304e+01	1.259304e+01	-1.259304e+01	-1.259304e+01
3.203845134703442e-01	9.582440e-01	1.958244e+00	8.120045e-01	8.977805e+00	8.977805e+00	-8.977805e+00	-8.977805e+00
3.223376384703442e-01	9.860411e-01	1.986041e+00	8.258900e-01	5.227534e+00	5.227534e+00	-5.227534e+00	-5.227534e+00
3.242907634703442e-01	9.990072e-01	1.999007e+00	8.323669e-01	1.398636e+00	1.398636e+00	-1.398636e+00	-1.398636e+00
3.262438884703442e-01	9.969474e-01	1.996947e+00	8.313380e-01	-2.451300e+00	-2.451300e+00	2.451300e+00	2.451300e+00
3.281970134703442e-01	9.798925e-01	1.979892e+00	8.228186e-01	-6.264365e+00	-6.264365e+00	6.264365e+00	6.264365e+00
3.301501384703442e-01	9.480991e-01	1.948099e+00	8.069369e-01	-9.983208e+00	-9.983208e+00	9.983208e+00	9.983208e+00
3.321032634703442e-01	9.020455e-01	1.902045e+00	7.839317e-01	-1.355190e+01	-1.355190e+01	1.355190e+01	1.355190e+01
3.340563884703442e-01	8.424242e-01	1.842424e+00	7.541491e-01	-1.691675e+01	-1.691675e+01	1.691675e+01	1.691675e+01
3.360095134703442e-01	7.701321e-01	1.770132e+00	7.180371e-01	-2.002716e+01	-2.002716e+01	2.002716e+01	2.002716e+01
3.379626384703442e-01	6.862565e-01	1.686256e+00	6.761387e-01	-2.283634e+01	-2.283634e+01	2.283634e+01	2.283634e+01
3.399157634703442e-01	5.920589e-01	1.592059e+00	6.290842e-01	-2.530204e+01	-2.530204e+01	2.530204e+01	2.530204e+01
3.418688884703442e-01	4.889562e-01	1.488956e+00	5.775814e-01	-2.738718e+01	-2.738718e+01	2.738718e+01	2.738718e+01
3.438220134703442e-01	3.784992e-01	1.378499e+00	5.224048e-01	-2.906039e+01	-2.906039e+01	2.906039e+01	2.906039e+01
3.457751384703442e-01	2.623492e-01	1.262349e+00	4.643845e-01	-3.029650e+01	-3.029650e+01	3.029650e+01	3.029650e+01
3.477282634703442e-01	1.422532e-01	1.142253e+00	4.043930e-01	-3.107693e+01	-3.107693e+01	3.107693e+01	3.107693e+01
3.496813884703442e-01	2.001762e-02	1.020018e+00	3.433327e-01	-3.138993e+01	-3.138993e+01	3.138993e+01	3.138993e+01
3.516345134703442e-01	-1.025191e-01	8.974809e-01	2.821220e-01	-3.123079e+01	-3.123079e+01	3.123079e+01	3.123079e+01
3.535876384703442e-01	-2.235138e-01	7.764862e-01	2.216816e-01	-3.060192e+01	-3.060192e+01	3.060192e+01	3.060192e+01
3.555407634703442e-01	-3.411466e-01	6.588534e-01	1.629205e-01	-2.951276e+01	-2.951276e+01	2.951276e+01	2.951276e+01
3.565173259703442e-01	-3.981467e-01	6.018533e-01	1.344473e-01	-2.880043e+01	-2.880043e+01	2.880043e+01	2.880043e+01
3.574938884703442e-01	-4.536483e-01	5.463517e-01	1.067226e-01	-2.797971e+01	-2.797971e+01	2.797971e+01	2.797971e+01
3.584704509703442e-01	-5.074425e-01	4.925575e-01	7.985084e-02	-2.705367e+01	-2.705367e+01	2.705367e+01	2.705367e+01
3.594470134703442e-01	-5.593267e-01	4.406733e-01	5.393312e-02	-2.602581e+01	-2.602581e+01	2.602581e+01	2.602581e+01
3.604235759703442e-01	-6.091058e-01	3.908942e-01	2.906701e-02	-2.489999e+01	-2.489999e+01	2.489999e+01	2.489999e+01
3.614001384703442e-01	-6.565923e-01	3.434077e-01	5.346083e-03	-2.368046e+01	-2.368046e+01	2.368046e+01	2.368046e+01
3.623767009703442e-01	-7.016076e-01	2.983924e-01	-1.714037e-02	-2.237180e+01	-2.237180e+01	2.237180e+01	2.237180e+01
3.633532634703442e-01	-7.439821e-01	2.560178e-01	-3.830772e-02	-2.097894e+01	-2.097894e+01	2.097894e+01	2.097894e+01
3.643298259703442e-01	-7.835566e-01	2.164434e-01	-5.807630e-02	-1.950711e+01	-1.950711e+01	1.950711e+01	1.950711e+01
3.653063884703442e-01	-8.201818e-01	1.798182e-01	-7.637170e-02	-1.796187e+01	-1.796187e+01	1.796187e+01	1.796187e+01
3.662829509703442e-01	-8.537201e-01	1.462799e-01	-9.312507e-02	-1.634902e+01	-1.634902e+01	1.634902e+01	1.634902e+01
3.672595134703442e-01	-8.840452e-01	1.159548e-01	-1.082733e-01	-1.467464e+01	-1.467464e+01	1.467464e+01	1.467464e+01
3.682360759703442e-01	-9.110429e-01	8.895709e-02	-1.217595e-01	-1.294502e+01	-1.294502e+01	1.294502e+01	1.294502e+01
3.692126384703442e-01	-9.346117e-01	6.538833e-02	-1.335328e-01	-1.116669e+01	-1.116669e+01	1.116669e+01	1.116669e+01
3.701892009703442e-01	-9.546628e-01	4.533723e-02	-1.435489e-01	-9.346321e+00	-9.346321e+00	9.346321e+00	9.346321e+00
3.711657634703442e-01	-9.711207e-01	2.887926e-02	-1.517702e-01	-7.490778e+00	-7.490778e+00	7.490778e+00	7.490778e+00
3.721423259703442e-01	-9.839236e-01	1.607637e-02	-1.581656e-01	-5.607042e+00	-5.607042e+00	5.607042e+00	5.607042e+00
3.731188884703442e-01	-9.930233e-01	6.976751e-03	-1.627111e-01	-3.702202e+00	-3.702202e+00	3.702202e+00	3.702202e+00
3.740954509703442e-01	-9.983854e-01	1.614645e-03	-1.653896e-01	-1.783428e+00	-1.783428e+00	1.783428e+00	1.783428e+00
3.750720134703442e-01	-9.999897e-01	1.023662e-05	-1.661911e-01	1.420592e-01	1.420592e-01	-1.420592e-01	-1.420592e-01
3.760485759703442e-01	-9.978305e-01	2.169564e-03	-1.651124e-01	2.067011e+00	2.067011e+00	-2.067011e+00	-2.067011e+00
3.770251384703442e-01	-9.919155e-01	8.084499e-03	-1.621577e-01	3.984184e+00	3.984184e+00	-3.984184e+00	-3.984184e+00
3.780017009703442e-01	-9.822672e-01	1.773278e-02	-1.573381e-01	5.886361e+00	5.886361e+00	-5.886361e+00	-5.886361e+00
3.789782634703442e-01	-9.689219e-01	3.107809e-02	-1.506718e-01	7.766382e+00	7.766382e+00	-7.766382e+00	-7.766382e+00
3.799548259703442e-01	-9.519298e-01	4.807021e-02	-1.421837e-01	9.617173e+00	9.617173e+00	-9.617173e+00	-9.617173e+00
3.809313884703442e-01	-9.313548e-01	6.864518e-02	-1.319059e-01	1.143177e+01	1.143177e+01	-1.143177e+01	-1.143177e+01
3.819079509703442e-01	-9.072744e-01	9.272555e-02	-1.198770e-01	1.320333e+01	1.320333e+01	-1.320333e+01	-1.320333e+01
3.828845134703442e-01	-8.797793e-01	1.202207e-01	-1.061424e-01	1.492521e+01	1.492521e+01	-1.492521e+01	-1.492521e+01
3.838610759703442e-01	-8.489729e-01	1.510271e-01	-9.075367e-02	1.659090e+01	1.659090e+01	-1.659090e+01	-1.659090e+01
3.848376384703442e-01	-8.149711e-01	1.850289e-01	-7.376878e-02	1.819416e+01	1.819416e+01	-1.819416e+01	-1.819416e+01
3.858142009703442e-01	-7.779019e-01	2.220981e-01	-5.525165e-02	1.972894e+01	1.972894e+01	-1.972894e+01	-1.972894e+01
3.867907634703442e-01	-7.379049e-01	2.620951e-01	-3.527196e-02	2.118945e+01	2.118945e+01	-2.118945e+01	-2.118945e+01
3.877673259703442e-01	-6.951306e-01	3.048694e-01	-1.390494e-02	2.257022e+01	2.257022e+01	-2.257022e+01	-2.257022e+01
3.887438884703442e-01	-6.497400e-01	3.502600e-01	8.769020e-03	2.386604e+01	2.386604e+01	-2.386604e+01	-2.386604e+01
3.897204509703442e-01	-6.019039e-01	3.980961e-01	3.266456e-02	2.507203e+01	2.507203e+01	-2.507203e+01	-2.507203e+01
3.906970134703442e-01	-5.518024e-01	4.481976e-01	5.769175e-02	2.618366e+01	2.618366e+01	-2.618366e+01	-2.618366e+01
3.916735759703442e-01	-4.996240e-01	5.003760e-01	8.375639e-02	2.719673e+01	2.719673e+01	-2.719673e+01	-2.719673e+01
3.926501384703442e-01	-4.455651e-01	5.544349e-01	1.107604e-01	2.810745e+01	2.810745e+01	-2.810745e+01	-2.810745e+01
3.936267009703442e-01	-3.898293e-01	6.101707e-01	1.386021e-01	2.891237e+01	2.891237e+01	-2.891237e+01	-2.891237e+01
3.955798259703442e-01	-2.741711e-01	7.258288e-01	1.963767e-01	3.019314e+01	3.019314e+01	-3.019314e+01	-3.019314e+01
3.975329509703442e-01	-1.543892e-01	8.456107e-01	2.562113e-01	3.101978e+01	3.101978e+01	-3.101978e+01	-3.101978e+01
3.994860759703442e-01	-3.228519e-02	9.677148e-01	3.172059e-01	3.137985e+01	3.137985e+01	-3.137985e+01	-3.137985e+01
4.014392009703442e-01	9.030447e-02	1.090304e+00	3.784431e-01	3.126794e+01	3.126794e+01	-3.126794e+01	-3.126794e+01
4.033923259703442e-01	2.115359e-01	1.211536e+00	4.390017e-01	3.068573e+01	3.068573e+01	-3.068573e+01	-3.068573e+01
4.053454509703442e-01	3.295856e-01	1.329586e+00	4.979711e-01	2.964198e+01	2.964198e+01	-2.964198e+01	-2.964198e+01
4.072985759703442e-01	4.426780e-01	1.442678e+00	5.544641e-01	2.815238e+01	2.815238e+01	-2.815238e+01	-2.815238e+01
4.092517009703442e-01	5.491121e-01	1.549112e+00	6.076311e-01	2.623935e+01	2.623935e+01	-2.623935e+01	-2.623935e+01
4.112048259703442e-01	6.472871e-01	1.647287e+00	6.566724e-01	2.393165e+01	2.393165e+01	-2.393165e+01	-2.393165e+01
4.131579509703442e-01	7.357263e-01	1.735726e+00	7.008504e-01	2.126400e+01	2.126400e+01	-2.126400e+01	-2.126400e+01
4.151110759703442e-01	8.130995e-01	1.813100e+00	7.395005e-01	1.827652e+01	1.827652e+01	-1.827652e+01	-1.827652e+01
4.170642009703442e-01	8.782429e-01	1.878243e+00	7.720416e-01	1.501414e+01	1.501414e+01	-1.501414e+01	-1.501414e+01
4.190173259703442e-01	9.301767e-01	1.930177e+00	7.979841e-01	1.152593e+01	1.152593e+01	-1.152593e+01	-1.152593e+01
4.209704509703442e-01	9.681197e-01	1.968120e+00	8.169377e-01	7.864368e+00	7.864368e+00	-7.864368e+00	-7.864368e+00
4.229235759703442e-01	9.915015e-01	1.991501e+00	8.286176e-01	4.084515e+00	4.084515e+00	-4.084515e+00	-4.084515e+00
4.248767009703442e-01	9.999700e-01	1.999970e+00	8.328479e-01	2.432274e-01	2.432274e-01	-2.432274e-01	-2.432274e-01
4.268298259703442e-01	9.933981e-01	1.993398e+00	8.295650e-01	-3.601718e+00	-3.601718e+00	3.601718e+00	3.601718e+00
4.287829509703442e-01	9.718845e-01	1.971884e+00	8.188183e-01	-7.392491e+00	-7.392491e+00	7.392491e+00	7.392491e+00
4.307360759703442e-01	9.357529e-01	1.935753e+00	8.007696e-01	-1.107207e+01	-1.107207e+01	1.107207e+01	1.107207e+01
4.326892009703442e-01	8.855467e-01	1.885547e+00	7.756901e-01	-1.458512e+01	-1.458512e+01	1.458512e+01	1.458512e+01
4.346423259703442e-01	8.220211e-01	1.822021e+00	7.439572e-01	-1.787880e+01	-1.787880e+01	1.787880e+01	1.787880e+01
4.365954509703442e-01	7.461315e-01	1.746131e+00	7.060480e-01	-2.090356e+01	-2.090356e+01	2.090356e+01	2.090356e+01
4.385485759703442e-01	6.590194e-01	1.659019e+00	6.625329e-01	-2.361391e+01	-2.361391e+01	2.361391e+01	2.361391e+01
4.405017009703442e-01	5.619950e-01	1.561995e+00	6.140664e-01	-2.596909e+01	-2.596909e+01	2.596909e+01	2.596909e+01
4.424548259703442e-01	4.565177e-01	1.456518e+00	5.613774e-01	-2.793366e+01	-2.793366e+01	2.793366e+01	2.793366e+01
4.444079509703442e-01	3.441739e-01	1.344174e+00	5.052583e-01	-2.947809e+01	-2.947809e+01	2.947809e+01	2.947809e+01
4.463610759703442e-01	2.266535e-01	1.226653e+00	4.465534e-01	-3.057914e+01	-3.057914e+01	3.057914e+01	3.057914e+01
4.483142009703442e-01	1.057239e-01	1.105724e+00	3.861456e-01	-3.122026e+01	-3.122026e+01	3.122026e+01	3.122026e+01
4.502673259703442e-01	-1.679580e-02	9.832042e-01	3.249433e-01	-3.139179e+01	-3.139179e+01	3.139179e+01	3.139179e+01
4.522204509703442e-01	-1.390629e-01	8.609371e-01	2.638673e-01	-3.109116e+01	-3.109116e+01	3.109116e+01	3.109116e+01
4.541735759703442e-01	-2.592384e-01	7.407616e-01	2.038361e-01	-3.032289e+01	-3.032289e+01	3.032289e+01	3.032289e+01
4.561267009703442e-01	-3.755146e-01	6.244854e-01	1.457527e-01	-2.909853e+01	-2.909853e+01	2.909853e+01	2.909853e+01
4.571032634703442e-01	-4.316410e-01	5.683590e-01	1.177159e-01	-2.832082e+01	-2.832082e+01	2.832082e+01	2.832082e+01
4.580798259703442e-01	-4.861428e-01	5.138572e-01	9.049065e-02	-2.743651e+01	-2.743651e+01	2.743651e+01	2.743651e+01
4.590563884703442e-01	-5.388149e-01	4.611851e-01	6.417940e-02	-2.644893e+01	-2.644893e+01	2.644893e+01	2.644893e+01
4.600329509703442e-01	-5.894589e-01	4.105411e-01	3.888118e-02	-2.536181e+01	-2.536181e+01	2.536181e+01	2.536181e+01
4.610095134703442e-01	-6.378844e-01	3.621156e-01	1.469122e-02	-2.417923e+01	-2.417923e+01	2.417923e+01	2.417923e+01
4.619860759703442e-01	-6.839091e-01	3.160909e-01	-8.299451e-03	-2.290565e+01	-2.290565e+01	2.290565e+01	2.290565e+01
4.629626384703442e-01	-7.273597e-01	2.726403e-01	-3.000429e-02	-2.154586e+01	-2.154586e+01	2.154586e+01	2.154586e+01
4.639392009703442e-01	-7.680726e-01	2.319274e-01	-5.034161e-02	-2.010497e+01	-2.010497e+01	2.010497e+01	2.010497e+01
4.649157634703442e-01	-8.058947e-01	1.941053e-01	-6.923486e-02	-1.858841e+01	-1.858841e+01	1.858841e+01	1.858841e+01
4.658923259703442e-01	-8.406836e-01	1.593164e-01	-8.661293e-02	-1.700189e+01	-1.700189e+01	1.700189e+01	1.700189e+01
4.668688884703442e-01	-8.723083e-01	1.276917e-01	-1.024104e-01	-1.535138e+01	-1.535138e+01	1.535138e+01	1.535138e+01
4.678454509703442e-01	-9.006499e-01	9.935012e-02	-1.165679e-01	-1.364308e+01	-1.364308e+01	1.364308e+01	1.364308e+01
4.688220134703442e-01	-9.256016e-01	7.439839e-02	-1.290320e-01	-1.188344e+01	-1.188344e+01	1.188344e+01	1.188344e+01
4.697985759703442e-01	-9.470696e-01	5.293041e-02	-1.397559e-01	-1.007908e+01	-1.007908e+01	1.007908e+01	1.007908e+01
4.707751384703442e-01	-9.649730e-01	3.502700e-02	-1.486992e-01	-8.236773e+00	-8.236773e+00	8.236773e+00	8.236773e+00
4.717517009703442e-01	-9.792445e-01	2.075552e-02	-1.558282e-01	-6.363468e+00	-6.363468e+00	6.363468e+00	6.363468e+00
4.727282634703442e-01	-9.898303e-01	1.016970e-02	-1.611161e-01	-4.466213e+00	-4.466213e+00	4.466213e+00	4.466213e+00
4.737048259703442e-01	-9.966906e-01	3.309377e-03	-1.645431e-01	-2.552148e+00	-2.552148e+00	2.552148e+00	2.552148e+00
4.746813884703442e-01	-9.997996e-01	2.003725e-04	-1.660961e-01	-6.284774e-01	-6.284774e-01	6.284774e-01	6.284774e-01
4.756579509703442e-01	-9.991456e-01	8.543876e-04	-1.657694e-01	1.297559e+00	1.297559e+00	-1.297559e+00	-1.297559e+00
4.766345134703442e-01	-9.947310e-01	5.268961e-03	-1.635642e-01	3.218711e+00	3.218711e+00	-3.218711e+00	-3.218711e+00
4.776110759703442e-01	-9.865725e-01	1.342748e-02	-1.594888e-01	5.127749e+00	5.127749e+00	-5.127749e+00	-5.127749e+00
4.785876384703442e-01	-9.747007e-01	2.529923e-02	-1.535585e-01	7.017487e+00	7.017487e+00	-7.017487e+00	-7.017487e+00
4.795642009703442e-01	-9.591604e-01	4.083954e-02	-1.457956e-01	8.880813e+00	8.880813e+00	-8.880813e+00	-8.880813e+00
4.805407634703442e-01	-9.400101e-01	5.998991e-02	-1.362295e-01	1.071071e+01	1.071071e+01	-1.071071e+01	-1.071071e+01
4.815173259703442e-01	-9.173217e-01	8.267827e-02	-1.248960e-01	1.250030e+01	1.250030e+01	-1.250030e+01	-1.250030e+01
4.824938884703442e-01	-8.911808e-01	1.088192e-01	-1.118378e-01	1.424284e+01	1.424284e+01	-1.424284e+01	-1.424284e+01
4.834704509703442e-01	-8.616856e-01	1.383144e-01	-9.710409e-02	1.593177e+01	1.593177e+01	-1.593177e+01	-1.593177e+01
4.844470134703442e-01	-8.289473e-01	1.710527e-01	-8.075032e-02	1.756074e+01	1.756074e+01	-1.756074e+01	-1.756074e+01
4.854235759703442e-01	-7.930890e-01	2.069110e-01	-6.283803e-02	1.912362e+01	1.912362e+01	-1.912362e+01	-1.912362e+01
4.864001384703442e-01	-7.542456e-01	2.457543e-01	-4.343465e-02	2.061452e+01	2.061452e+01	-2.061452e+01	-2.061452e+01
4.873767009703442e-01	-7.125635e-01	2.874365e-01	-2.261320e-02	2.202782e+01	2.202782e+01	-2.202782e+01	-2.202782e+01
4.883532634703442e-01	-6.681995e-01	3.318005e-01	-4.520380e-04	2.335822e+01	2.335822e+01	-2.335822e+01	-2.335822e+01
4.893298259703442e-01	-6.213205e-01	3.786795e-01	2.296541e-02	2.460071e+01	2.460071e+01	-2.460071e+01	-2.460071e+01
4.903063884703442e-01	-5.721030e-01	4.278970e-01	4.755102e-02	2.575061e+01	2.575061e+01	-2.575061e+01	-2.575061e+01
4.912829509703442e-01	-5.207322e-01	4.792678e-01	7.321224e-02	2.680358e+01	2.680358e+01	-2.680358e+01	-2.680358e+01
4.922595134703442e-01	-4.674015e-01	5.325986e-01	9.985250e-02	2.775567e+01	2.775567e+01	-2.775567e+01	-2.775567e+01
4.932360759703442e-01	-4.123116e-01	5.876884e-01	1.273715e-01	2.860330e+01	2.860330e+01	-2.860330e+01	-2.860330e+01
4.951892009703442e-01	-2.976894e-01	7.023106e-01	1.846287e-01	2.997280e+01	2.997280e+01	-2.997280e+01	-2.997280e+01
4.971423259703442e-01	-1.785897e-01	8.214102e-01	2.441225e-01	3.089148e+01	3.089148e+01	-3.089148e+01	-3.089148e+01
4.990954509703442e-01	-5.680390e-02	9.431961e-01	3.049581e-01	3.134552e+01	3.134552e+01	-3.134552e+01	-3.134552e+01
5.010485759703442e-01	6.583632e-02	1.065836e+00	3.662205e-01	3.132810e+01	3.132810e+01	-3.132810e+01	-3.132810e+01
5.030017009703442e-01	1.874863e-01	1.187486e+00	4.269883e-01	3.083947e+01	3.083947e+01	-3.083947e+01	-3.083947e+01
5.049548259703442e-01	3.063163e-01	1.306316e+00	4.863474e-01	2.988700e+01	2.988700e+01	-2.988700e+01	-2.988700e+01
5.069079509703442e-01	4.205390e-01	1.420539e+00	5.434050e-01	2.848499e+01	2.848499e+01	-2.848499e+01	-2.848499e+01
5.088610759703442e-01	5.284365e-01	1.528436e+00	5.973030e-01	2.665454e+01	2.665454e+01	-2.665454e+01	-2.665454e+01
5.108142009703442e-01	6.283857e-01	1.628386e+00	6.472306e-01	2.442318e+01	2.442318e+01	-2.442318e+01	-2.442318e+01
5.127673259703442e-01	7.188835e-01	1.718884e+00	6.924368e-01	2.182447e+01	2.182447e+01	-2.182447e+01	-2.182447e+01
5.147204509703442e-01	7.985685e-01	1.798568e+00	7.322419e-01	1.889751e+01	1.889751e+01	-1.889751e+01	-1.889751e+01
5.166735759703442e-01	8.662424e-01	1.866242e+00	7.660470e-01	1.568630e+01	1.568630e+01	-1.568630e+01	-1.568630e+01
5.186267009703442e-01	9.208872e-01	1.920887e+00	7.933437e-01	1.223916e+01	1.223916e+01	-1.223916e+01	-1.223916e+01
5.205798259703442e-01	9.616809e-01	1.961681e+00	8.137214e-01	8.607937e+00	8.607937e+00	-8.607937e+00	-8.607937e+00
5.225329509703442e-01	9.880101e-01	1.988010e+00	8.268735e-01	4.847239e+00	4.847239e+00	-4.847239e+00	-4.847239e+00
5.244860759703442e-01	9.994787e-01	1.999479e+00	8.326024e-01	1.013633e+00	1.013633e+00	-1.013633e+00	-1.013633e+00
5.264392009703442e-01	9.959142e-01	1.995914e+00	8.308219e-01	-2.835219e+00	-2.835219e+00	2.835219e+00	2.835219e+00
5.283923259703442e-01	9.773703e-01	1.977370e+00	8.215586e-01	-6.641426e+00	-6.641426e+00	6.641426e+00	6.641426e+00
5.303454509703442e-01	9.441257e-01	1.944126e+00	8.049520e-01	-1.034774e+01	-1.034774e+01	1.034774e+01	1.034774e+01
5.322985759703442e-01	8.966807e-01	1.896681e+00	7.812518e-01	-1.389841e+01	-1.389841e+01	1.389841e+01	1.389841e+01
5.342517009703442e-01	8.357487e-01	1.835749e+00	7.508144e-01	-1.724004e+01	-1.724004e+01	1.724004e+01	1.724004e+01
5.362048259703442e-01	7.622463e-01	1.762246e+00	7.140979e-01	-2.032237e+01	-2.032237e+01	2.032237e+01	2.032237e+01
5.381579509703442e-01	6.772790e-01	1.677279e+00	6.716542e-01	-2.309902e+01	-2.309902e+01	2.309902e+01	2.309902e+01
5.401110759703442e-01	5.821248e-01	1.582125e+00	6.241218e-01	-2.552825e+01	-2.552825e+01	2.552825e+01	2.552825e+01
5.420642009703442e-01	4.782149e-01	1.478215e+00	5.722158e-01	-2.757351e+01	-2.757351e+01	2.757351e+01	2.757351e+01
5.440173259703442e-01	3.671122e-01	1.367112e+00	5.167167e-01	-2.920403e+01	-2.920403e+01	2.920403e+01	2.920403e+01
5.459704509703442e-01	2.504877e-01	1.250488e+00	4.584594e-01	-3.039530e+01	-3.039530e+01	3.039530e+01	3.039530e+01
5.479235759703442e-01	1.300958e-01	1.130096e+00	3.983200e-01	-3.112939e+01	-3.112939e+01	3.112939e+01	3.112939e+01
5.498767009703442e-01	7.747029e-03	1.007747e+00	3.372032e-01	-3.139528e+01	-3.139528e+01	3.139528e+01	3.139528e+01
5.518298259703442e-01	-1.147182e-01	8.852817e-01	2.760282e-01	-3.118894e+01	-3.118894e+01	3.118894e+01	3.118894e+01
5.537829509703442e-01	-2.354580e-01	7.645420e-01	2.157151e-01	-3.051350e+01	-3.051350e+01	3.051350e+01	3.051350e+01
5.557360759703442e-01	-3.526563e-01	6.473437e-01	1.571711e-01	-2.937910e+01	-2.937910e+01	2.937910e+01	2.937910e+01
5.567126384703442e-01	-4.093737e-01	5.906263e-01	1.288391e-01	-2.864487e+01	-2.864487e+01	2.864487e+01	2.864487e+01
5.576892009703442e-01	-4.645503e-01	5.354497e-01	1.012767e-01	-2.780282e+01	-2.780282e+01	2.780282e+01	2.780282e+01
5.586657634703442e-01	-5.179785e-01	4.820215e-01	7.458779e-02	-2.685612e+01	-2.685612e+01	2.685612e+01	2.685612e+01
5.596423259703442e-01	-5.694571e-01	4.305429e-01	4.887272e-02	-2.580835e+01	-2.580835e+01	2.580835e+01	2.580835e+01
5.606188884703442e-01	-6.187924e-01	3.812076e-01	2.422829e-02	-2.466344e+01	-2.466344e+01	2.466344e+01	2.466344e+01
5.615954509703442e-01	-6.657986e-01	3.342014e-01	7.472566e-04	-2.342571e+01	-2.342571e+01	2.342571e+01	2.342571e+01
5.625720134703442e-01	-7.102990e-01	2.897010e-01	-2.148199e-02	-2.209980e+01	-2.209980e+01	2.209980e+01	2.209980e+01
5.635485759703442e-01	-7.521260e-01	2.478740e-01	-4.237580e-02	-2.069072e+01	-2.069072e+01	2.069072e+01	2.069072e+01
5.645251384703442e-01	-7.911221e-01	2.088779e-01	-6.185552e-02	-1.920375e+01	-1.920375e+01	1.920375e+01	1.920375e+01
5.655017009703442e-01	-8.271406e-01	1.728594e-01	-7.984784e-02	-1.764452e+01	-1.764452e+01	1.764452e+01	1.764452e+01
5.664782634703442e-01	-8.600460e-01	1.399540e-01	-9.628505e-02	-1.601887e+01	-1.601887e+01	1.601887e+01	1.601887e+01
5.674548259703442e-01	-8.897144e-01	1.102857e-01	-1.111053e-01	-1.433293e+01	-1.433293e+01	1.433293e+01	1.433293e+01
5.684313884703442e-01	-9.160340e-01	8.396599e-02	-1.242527e-01	-1.259304e+01	-1.259304e+01	1.259304e+01	1.259304e+01
5.694079509703442e-01	-9.389059e-01	6.109409e-02	-1.356779e-01	-1.080576e+01	-1.080576e+01	1.080576e+01	1.080576e+01
5.703845134703442e-01	-9.582440e-01	4.175600e-02	-1.453378e-01	-8.977805e+00	-8.977805e+00	8.977805e+00	8.977805e+00
5.713610759703442e-01	-9.739755e-01	2.602453e-02	-1.531962e-01	-7.116061e+00	-7.116061e+00	7.116061e+00	7.116061e+00
5.723376384703442e-01	-9.860411e-01	1.395889e-02	-1.592233e-01	-5.227534e+00	-5.227534e+00	5.227534e+00	5.227534e+00
5.733142009703442e-01	-9.943955e-01	5.604479e-03	-1.633966e-01	-3.319331e+00	-3.319331e+00	3.319331e+00	3.319331e+00
5.742907634703442e-01	-9.990072e-01	9.927504e-04	-1.657003e-01	-1.398636e+00	-1.398636e+00	1.398636e+00	1.398636e+00
5.752673259703442e-01	-9.998589e-01	1.410593e-04	-1.661257e-01	5.273244e-01	5.273244e-01	-5.273244e-01	-5.273244e-01
5.762438884703442e-01	-9.969474e-01	3.052612e-03	-1.646713e-01	2.451300e+00	2.451300e+00	-2.451300e+00	-2.451300e+00
5.772204509703442e-01	-9.902835e-01	9.716448e-03	-1.613425e-01	4.366049e+00	4.366049e+00	-4.366049e+00	-4.366049e+00
5.781970134703442e-01	-9.798925e-01	2.010749e-02	-1.561519e-01	6.264365e+00	6.264365e+00	-6.264365e+00	-6.264365e+00
5.791735759703442e-01	-9.658134e-01	3.418662e-02	-1.491190e-01	8.139104e+00	8.139104e+00	-8.139104e+00	-8.139104e+00
5.801501384703442e-01	-9.480991e-01	5.190086e-02	-1.402702e-01	9.983209e+00	9.983209e+00	-9.983209e+00	-9.983209e+00
5.811267009703442e-01	-9.268165e-01	7.318353e-02	-1.296389e-01	1.178974e+01	1.178974e+01	-1.178974e+01	-1.178974e+01
5.821032634703442e-01	-9.020455e-01	9.795453e-02	-1.172650e-01	1.355190e+01	1.355190e+01	-1.355190e+01	-1.355190e+01
5.830798259703442e-01	-8.738794e-01	1.261206e-01	-1.031952e-01	1.526305e+01	1.526305e+01	-1.526305e+01	-1.526305e+01
5.840563884703442e-01	-8.424242e-01	1.575758e-01	-8.748243e-02	1.691675e+01	1.691675e+01	-1.691675e+01	-1.691675e+01
5.850329509703442e-01	-8.077983e-01	1.922017e-01	-7.018578e-02	1.850678e+01	1.850678e+01	-1.850678e+01	-1.850678e+01
5.860095134703442e-01	-7.701321e-01	2.298679e-01	-5.137038e-02	2.002716e+01	2.002716e+01	-2.002716e+01	-2.002716e+01
5.869860759703442e-01	-7.295672e-01	2.704328e-01	-3.110705e-02	2.147216e+01	2.147216e+01	-2.147216e+01	-2.147216e+01
5.879626384703442e-01	-6.862565e-01	3.137435e-01	-9.472036e-03	2.283634e+01	2.283634e+01	-2.283634e+01	-2.283634e+01
5.889392009703442e-01	-6.403628e-01	3.596372e-01	1.345322e-02	2.411457e+01	2.411457e+01	-2.411457e+01	-2.411457e+01
5.899157634703442e-01	-5.920589e-01	4.079411e-01	3.758242e-02	2.530204e+01	2.530204e+01	-2.530204e+01	-2.530204e+01
5.908923259703442e-01	-5.415267e-01	4.584733e-01	6.282477e-02	2.639428e+01	2.639428e+01	-2.639428e+01	-2.639428e+01
5.918688884703442e-01	-4.889562e-01	5.110437e-01	8.908525e-02	2.738718e+01	2.738718e+01	-2.738718e+01	-2.738718e+01
5.928454509703442e-01	-4.345455e-01	5.654545e-01	1.162650e-01	2.827700e+01	2.827700e+01	-2.827700e+01	-2.827700e+01
5.947985759703442e-01	-3.210284e-01	6.789716e-01	1.729702e-01	2.973440e+01	2.973440e+01	-2.973440e+01	-2.973440e+01
5.967517009703442e-01	-2.026826e-01	7.973174e-01	2.320874e-01	3.074457e+01	3.074457e+01	-3.074457e+01	-3.074457e+01
5.987048259703442e-01	-8.128840e-02	9.187116e-01	2.927274e-01	3.129231e+01	3.129231e+01	-3.129231e+01	-3.129231e+01
6.006579509703442e-01	4.132850e-02	1.041329e+00	3.539782e-01	3.136939e+01	3.136939e+01	-3.136939e+01	-3.136939e+01
6.026110759703442e-01	1.633238e-01	1.163324e+00	4.149184e-01	3.097465e+01	3.097465e+01	-3.097465e+01	-3.097465e+01
6.045642009703442e-01	2.828625e-01	1.282863e+00	4.746315e-01	3.011401e+01	3.011401e+01	-3.011401e+01	-3.011401e+01
6.065173259703442e-01	3.981467e-01	1.398147e+00	5.322194e-01	2.880043e+01	2.880043e+01	-2.880043e+01	-2.880043e+01
6.084704509703442e-01	5.074425e-01	1.507442e+00	5.868158e-01	2.705367e+01	2.705367e+01	-2.705367e+01	-2.705367e+01
6.104235759703442e-01	6.091058e-01	1.609106e+00	6.375996e-01	2.489999e+01	2.489999e+01	-2.489999e+01	-2.489999e+01
6.123767009703442e-01	7.016076e-01	1.701608e+00	6.838070e-01	2.237180e+01	2.237180e+01	-2.237180e+01	-2.237180e+01
6.143298259703442e-01	7.835566e-01	1.783557e+00	7.247429e-01	1.950711e+01	1.950711e+01	-1.950711e+01	-1.950711e+01
6.162829509703442e-01	8.537201e-01	1.853720e+00	7.597917e-01	1.634902e+01	1.634902e+01	-1.634902e+01	-1.634902e+01
6.182360759703442e-01	9.110429e-01	1.911043e+00	7.884262e-01	1.294502e+01	1.294502e+01	-1.294502e+01	-1.294502e+01
6.201892009703442e-01	9.546628e-01	1.954663e+00	8.102156e-01	9.346321e+00	9.346321e+00	-9.346321e+00	-9.346321e+00
6.221423259703442e-01	9.839236e-01	1.983924e+00	8.248323e-01	5.607042e+00	5.607042e+00	-5.607042e+00	-5.607042e+00
6.240954509703442e-01	9.983854e-01	1.998385e+00	8.320563e-01	1.783427e+00	1.783427e+00	-1.783427e+00	-1.783427e+00
6.260485759703442e-01	9.978305e-01	1.997830e+00	8.317791e-01	-2.067011e+00	-2.067011e+00	2.067011e+00	2.067011e+00
6.280017009703442e-01	9.822672e-01	1.982267e+00	8.240048e-01	-5.886360e+00	-5.886360e+00	5.886360e+00	5.886360e+00
6.299548259703442e-01	9.519298e-01	1.951930e+00	8.088503e-01	-9.617173e+00	-9.617173e+00	9.617173e+00	9.617173e+00
6.319079509703442e-01	9.072744e-01	1.907274e+00	7.865437e-01	-1.320333e+01	-1.320333e+01	1.320333e+01	1.320333e+01
6.338610759703442e-01	8.489729e-01	1.848973e+00	7.574204e-01	-1.659091e+01	-1.659091e+01	1.659091e+01	1.659091e+01
6.358142009703442e-01	7.779019e-01	1.777902e+00	7.219183e-01	-1.972894e+01	-1.972894e+01	1.972894e+01	1.972894e+01
6.377673259703442e-01	6.951306e-01	1.695131e+00	6.805716e-01	-2.257022e+01	-2.257022e+01	2.257022e+01	2.257022e+01
6.397204509703442e-01	6.019039e-01	1.601904e+00	6.340021e-01	-2.507203e+01	-2.507203e+01	2.507203e+01	2.507203e+01
6.416735759703442e-01	4.996240e-01	1.499624e+00	5.829103e-01	-2.719673e+01	-2.719673e+01	2.719673e+01	2.719673e+01
6.436267009703442e-01	3.898293e-01	1.389829e+00	5.280645e-01	-2.891237e+01	-2.891237e+01	2.891237e+01	2.891237e+01
6.455798259703442e-01	2.741711e-01	1.274171e+00	4.702899e-01	-3.019314e+01	-3.019314e+01	3.019314e+01	3.019314e+01
6.475329509703442e-01	1.543892e-01	1.154389e+00	4.104553e-01	-3.101978e+01	-3.101978e+01	3.101978e+01	3.101978e+01
6.494860759703442e-01	3.228519e-02	1.032285e+00	3.494607e-01	-3.137985e+01	-3.137985e+01	3.137985e+01	3.137985e+01
6.514392009703442e-01	-9.030447e-02	9.096955e-01	2.882236e-01	-3.126794e+01	-3.126794e+01	3.126794e+01	3.126794e+01
6.533923259703442e-01	-2.115359e-01	7.884641e-01	2.276649e-01	-3.068573e+01	-3.068573e+01	3.068573e+01	3.068573e+01
6.553454509703442e-01	-3.295856e-01	6.704144e-01	1.686956e-01	-2.964198e+01	-2.964198e+01	2.964198e+01	2.964198e+01
6.563220134703442e-01	-3.868598e-01	6.131402e-01	1.400854e-01	-2.895166e+01	-2.895166e+01	2.895166e+01	2.895166e+01
6.572985759703442e-01	-4.426780e-01	5.573220e-01	1.122026e-01	-2.815238e+01	-2.815238e+01	2.815238e+01	2.815238e+01
6.582751384703442e-01	-4.968300e-01	5.031700e-01	8.515205e-02	-2.724714e+01	-2.724714e+01	2.724714e+01	2.724714e+01
6.592517009703442e-01	-5.491121e-01	4.508879e-01	5.903560e-02	-2.623935e+01	-2.623935e+01	2.623935e+01	2.623935e+01
6.602282634703442e-01	-5.993275e-01	4.006725e-01	3.395155e-02	-2.513280e+01	-2.513280e+01	2.513280e+01	2.513280e+01
6.612048259703442e-01	-6.472871e-01	3.527129e-01	9.994302e-03	-2.393165e+01	-2.393165e+01	2.393165e+01	2.393165e+01
6.621813884703442e-01	-6.928105e-01	3.071895e-01	-1.274597e-02	-2.264043e+01	-2.264043e+01	2.264043e+01	2.264043e+01
6.631579509703442e-01	-7.357263e-01	2.642737e-01	-3.418368e-02	-2.126400e+01	-2.126400e+01	2.126400e+01	2.126400e+01
6.641345134703442e-01	-7.758730e-01	2.241270e-01	-5.423814e-02	-1.980753e+01	-1.980753e+01	1.980753e+01	1.980753e+01
6.651110759703442e-01	-8.130995e-01	1.869005e-01	-7.283387e-02	-1.827652e+01	-1.827652e+01	1.827652e+01	1.827652e+01
6.660876384703442e-01	-8.472657e-01	1.527344e-01	-8.990087e-02	-1.667671e+01	-1.667671e+01	1.667671e+01	1.667671e+01
6.670642009703442e-01	-8.782429e-01	1.217571e-01	-1.053749e-01	-1.501414e+01	-1.501414e+01	1.501414e+01	1.501414e+01
6.680407634703442e-01	-9.059146e-01	9.408540e-02	-1.191978e-01	-1.329506e+01	-1.329506e+01	1.329506e+01	1.329506e+01
6.690173259703442e-01	-9.301767e-01	6.982332e-02	-1.313174e-01	-1.152593e+01	-1.152593e+01	1.152593e+01	1.152593e+01
6.699938884703442e-01	-9.509378e-01	4.906221e-02	-1.416882e-01	-9.713430e+00	-9.713430e+00	9.713430e+00	9.713430e+00
6.709704509703442e-01	-9.681197e-01	3.188023e-02	-1.502711e-01	-7.864367e+00	-7.864367e+00	7.864367e+00	7.864367e+00
6.719470134703442e-01	-9.816580e-01	1.834203e-02	-1.570338e-01	-5.985706e+00	-5.985706e+00	5.985706e+00	5.985706e+00
6.729235759703442e-01	-9.915015e-01	8.498567e-03	-1.619509e-01	-4.084515e+00	-4.084515e+00	4.084515e+00	4.084515e+00
6.739001384703442e-01	-9.976131e-01	2.386893e-03	-1.650039e-01	-2.167951e+00	-2.167951e+00	2.167951e+00	2.167951e+00
6.748767009703442e-01	-9.999700e-01	3.000868e-05	-1.661812e-01	-2.432274e-01	-2.432274e-01	2.432274e-01	2.432274e-01
6.758532634703442e-01	-9.985632e-01	1.436786e-03	-1.654785e-01	1.682412e+00	1.682412e+00	-1.682412e+00	-1.682412e+00
6.768298259703442e-01	-9.933981e-01	6.601929e-03	-1.628983e-01	3.601719e+00	3.601719e+00	-3.601719e+00	-3.601719e+00
6.778063884703442e-01	-9.844940e-01	1.550600e-02	-1.584505e-01	5.507469e+00	5.507469e+00	-5.507469e+00	-5.507469e+00
6.787829509703442e-01	-9.718845e-01	2.811548e-02	-1.521517e-01	7.392491e+00	7.392491e+00	-7.392491e+00	-7.392491e+00
6.797595134703442e-01	-9.556171e-01	4.438292e-02	-1.440256e-01	9.249689e+00	9.249689e+00	-9.249689e+00	-9.249689e+00
6.807360759703442e-01	-9.357529e-01	6.424708e-02	-1.341029e-01	1.107207e+01	1.107207e+01	-1.107207e+01	-1.107207e+01
6.817126384703442e-01	-9.123668e-01	8.763321e-02	-1.224208e-01	1.285279e+01	1.285279e+01	-1.285279e+01	-1.285279e+01
6.826892009703442e-01	-8.855467e-01	1.144533e-01	-1.090234e-01	1.458512e+01	1.458512e+01	-1.458512e+01	-1.458512e+01
6.836657634703442e-01	-8.553936e-01	1.446063e-01	-9.396106e-02	1.626256e+01	1.626256e+01	-1.626256e+01	-1.626256e+01
6.846423259703442e-01	-8.220211e-01	1.779789e-01	-7.729047e-02	1.787880e+01	1.787880e+01	-1.787880e+01	-1.787880e+01
6.856188884703442e-01	-7.855546e-01	2.144454e-01	-5.907439e-02	1.942774e+01	1.942774e+01	-1.942774e+01	-1.942774e+01
6.865954509703442e-01	-7.461315e-01	2.538685e-01	-3.938137e-02	2.090356e+01	2.090356e+01	-2.090356e+01	-2.090356e+01
6.875720134703442e-01	-7.039001e-01	2.960999e-01	-1.828554e-02	2.230070e+01	2.230070e+01	-2.230070e+01	-2.230070e+01
6.885485759703442e-01	-6.590194e-01	3.409806e-01	4.133703e-03	2.361391e+01	2.361391e+01	-2.361391e+01	-2.361391e+01
6.895251384703442e-01	-6.116582e-01	3.883418e-01	2.779198e-02	2.483824e+01	2.483824e+01	-2.483824e+01	-2.483824e+01
6.905017009703442e-01	-5.619950e-01	4.380050e-01	5.260025e-02	2.596909e+01	2.596909e+01	-2.596909e+01	-2.596909e+01
6.914782634703442e-01	-5.102165e-01	4.897835e-01	7.846513e-02	2.700219e+01	2.700219e+01	-2.700219e+01	-2.700219e+01
6.924548259703442e-01	-4.565177e-01	5.434823e-01	1.052893e-01	2.793366e+01	2.793366e+01	-2.793366e+01	-2.793366e+01
6.934313884703442e-01	-4.011006e-01	5.988994e-01	1.329717e-01	2.876000e+01	2.876000e+01	-2.876000e+01	-2.876000e+01
6.953845134703442e-01	-2.859518e-01	7.140482e-01	1.904920e-01	3.008524e+01	3.008524e+01	-3.008524e+01	-3.008524e+01
6.973376384703442e-01	-1.665020e-01	8.334979e-01	2.501607e-01	3.095796e+01	3.095796e+01	-3.095796e+01	-3.095796e+01
6.992907634703442e-01	-4.454790e-02	9.554521e-01	3.110803e-01	3.136505e+01	3.136505e+01	-3.136505e+01	-3.136505e+01
7.012438884703442e-01	7.807627e-02	1.078076e+00	3.723347e-01	3.130038e+01	3.130038e+01	-3.130038e+01	-3.130038e+01
7.031970134703442e-01	1.995261e-01	1.199526e+00	4.330025e-01	3.076492e+01	3.076492e+01	-3.076492e+01	-3.076492e+01
7.051501384703442e-01	3.179749e-01	1.317975e+00	4.921712e-01	2.976673e+01	2.976673e+01	-2.976673e+01	-2.976673e+01
7.071032634703442e-01	4.316410e-01	1.431641e+00	5.489508e-01	2.832082e+01	2.832082e+01	-2.832082e+01	-2.832082e+01
7.090563884703442e-01	5.388149e-01	1.538815e+00	6.024873e-01	2.644893e+01	2.644893e+01	-2.644893e+01	-2.644893e+01
7.110095134703442e-01	6.378844e-01	1.637884e+00	6.519755e-01	2.417923e+01	2.417923e+01	-2.417923e+01	-2.417923e+01
7.129626384703442e-01	7.273597e-01	1.727360e+00	6.966709e-01	2.154586e+01	2.154586e+01	-2.154586e+01	-2.154586e+01
7.149157634703442e-01	8.058947e-01	1.805895e+00	7.359015e-01	1.858841e+01	1.858841e+01	-1.858841e+01	-1.858841e+01
7.168688884703442e-01	8.723083e-01	1.872308e+00	7.690771e-01	1.535138e+01	1.535138e+01	-1.535138e+01	-1.535138e+01
7.188220134703442e-01	9.256016e-01	1.925602e+00	7.956986e-01	1.188344e+01	1.188344e+01	-1.188344e+01	-1.188344e+01
7.207751384703442e-01	9.649730e-01	1.964973e+00	8.153659e-01	8.236773e+00	8.236773e+00	-8.236773e+00	-8.236773e+00
7.227282634703442e-01	9.898303e-01	1.989830e+00	8.277828e-01	4.466213e+00	4.466213e+00	-4.466213e+00	-4.466213e+00
7.246813884703442e-01	9.997996e-01	1.999800e+00	8.327627e-01	6.284773e-01	6.284773e-01	-6.284773e-01	-6.284773e-01
7.266345134703442e-01	9.947310e-01	1.994731e+00	8.302308e-01	-3.218711e+00	-3.218711e+00	3.218711e+00	3.218711e+00
7.285876384703442e-01	9.747007e-01	1.974701e+00	8.202251e-01	-7.017488e+00	-7.017488e+00	7.017488e+00	7.017488e+00
7.305407634703442e-01	9.400101e-01	1.940010e+00	8.028961e-01	-1.071071e+01	-1.071071e+01	1.071071e+01	1.071071e+01
7.324938884703442e-01	8.911808e-01	1.891181e+00	7.785045e-01	-1.424284e+01	-1.424284e+01	1.424284e+01	1.424284e+01
7.344470134703442e-01	8.289473e-01	1.828947e+00	7.474170e-01	-1.756074e+01	-1.756074e+01	1.756074e+01	1.756074e+01
7.364001384703442e-01	7.542456e-01	1.754246e+00	7.101014e-01	-2.061452e+01	-2.061452e+01	2.061452e+01	2.061452e+01
7.383532634703442e-01	6.681995e-01	1.668200e+00	6.671187e-01	-2.335822e+01	-2.335822e+01	2.335822e+01	2.335822e+01
7.403063884703442e-01	5.721030e-01	1.572103e+00	6.191157e-01	-2.575061e+01	-2.575061e+01	2.575061e+01	2.575061e+01
7.422595134703442e-01	4.674015e-01	1.467402e+00	5.668142e-01	-2.775567e+01	-2.775567e+01	2.775567e+01	2.775567e+01
7.442126384703442e-01	3.556698e-01	1.355670e+00	5.110009e-01	-2.934327e+01	-2.934327e+01	2.934327e+01	2.934327e+01
7.461657634703442e-01	2.385886e-01	1.238589e+00	4.525154e-01	-3.048952e+01	-3.048952e+01	3.048952e+01	3.048952e+01
7.481188884703442e-01	1.179187e-01	1.117919e+00	3.922372e-01	-3.117717e+01	-3.117717e+01	3.117717e+01	3.117717e+01
7.500720134703442e-01	-4.524725e-03	9.954753e-01	3.310731e-01	-3.139590e+01	-3.139590e+01	3.139590e+01	3.139590e+01
7.520251384703442e-01	-1.269001e-01	8.730999e-01	2.699430e-01	-3.114240e+01	-3.114240e+01	3.114240e+01	3.114240e+01
7.539782634703442e-01	-2.473668e-01	7.526332e-01	2.097663e-01	-3.042048e+01	-3.042048e+01	3.042048e+01	3.042048e+01
7.559313884703442e-01	-3.641129e-01	6.358871e-01	1.514482e-01	-2.924102e+01	-2.924102e+01	2.924102e+01	2.924102e+01
7.569079509703442e-01	-4.205390e-01	5.794610e-01	1.232617e-01	-2.848499e+01	-2.848499e+01	2.848499e+01	2.848499e+01
7.578845134703442e-01	-4.753824e-01	5.246176e-01	9.586580e-02	-2.762174e+01	-2.762174e+01	2.762174e+01	2.762174e+01
7.588610759703442e-01	-5.284365e-01	4.715635e-01	6.936371e-02	-2.665454e+01	-2.665454e+01	2.665454e+01	2.665454e+01
7.598376384703442e-01	-5.795016e-01	4.204984e-01	4.385515e-02	-2.558701e+01	-2.558701e+01	2.558701e+01	2.558701e+01
7.608142009703442e-01	-6.283857e-01	3.716143e-01	1.943611e-02	-2.442318e+01	-2.442318e+01	2.442318e+01	2.442318e+01
7.617907634703442e-01	-6.749047e-01	3.250953e-01	-3.801483e-03	-2.316742e+01	-2.316742e+01	2.316742e+01	2.316742e+01
7.627673259703442e-01	-7.188835e-01	2.811165e-01	-2.577018e-02	-2.182447e+01	-2.182447e+01	2.182447e+01	2.182447e+01
7.637438884703442e-01	-7.601565e-01	2.398435e-01	-4.638730e-02	-2.039938e+01	-2.039938e+01	2.039938e+01	2.039938e+01
7.647204509703442e-01	-7.985685e-01	2.014315e-01	-6.557523e-02	-1.889751e+01	-1.889751e+01	1.889751e+01	1.889751e+01
7.656970134703442e-01	-8.339749e-01	1.660251e-01	-8.326176e-02	-1.732451e+01	-1.732451e+01	1.732451e+01	1.732451e+01
7.666735759703442e-01	-8.662424e-01	1.337576e-01	-9.938031e-02	-1.568630e+01	-1.568630e+01	1.568630e+01	1.568630e+01
7.676501384703442e-01	-8.952495e-01	1.047505e-01	-1.138702e-01	-1.398906e+01	-1.398906e+01	1.398906e+01	1.398906e+01
7.686267009703442e-01	-9.208872e-01	7.911285e-02	-1.266770e-01	-1.223916e+01	-1.223916e+01	1.223916e+01	1.223916e+01
7.696032634703442e-01	-9.430588e-01	5.694124e-02	-1.377524e-01	-1.044320e+01	-1.044320e+01	1.044320e+01	1.044320e+01
7.705798259703442e-01	-9.616809e-01	3.831909e-02	-1.470547e-01	-8.607937e+00	-8.607937e+00	8.607937e+00	8.607937e+00
7.715563884703442e-01	-9.766835e-01	2.331649e-02	-1.545489e-01	-6.740272e+00	-6.740272e+00	6.740272e+00	6.740272e+00
7.725329509703442e-01	-9.880101e-01	1.198990e-02	-1.602069e-01	-4.847239e+00	-4.847239e+00	4.847239e+00	4.847239e+00
7.735095134703442e-01	-9.956180e-01	4.381960e-03	-1.640073e-01	-2.935961e+00	-2.935961e+00	2.935961e+00	2.935961e+00
7.744860759703442e-01	-9.994787e-01	5.213026e-04	-1.659358e-01	-1.013633e+00	-1.013633e+00	1.013633e+00	1.013633e+00
7.754626384703442e-01	-9.995775e-01	4.224571e-04	-1.659852e-01	9.125103e-01	9.125103e-01	-9.125103e-01	-9.125103e-01
7.764392009703442e-01	-9.959142e-01	4.085796e-03	-1.641552e-01	2.835219e+00	2.835219e+00	-2.835219e+00	-2.835219e+00
7.774157634703442e-01	-9.885024e-01	1.149753e-02	-1.604528e-01	4.747256e+00	4.747256e+00	-4.747256e+00	-4.747256e+00
7.783923259703442e-01	-9.773703e-01	2.262977e-02	-1.548920e-01	6.641426e+00	6.641426e+00	-6.641426e+00	-6.641426e+00
7.793688884703442e-01	-9.625594e-01	3.744060e-02	-1.474935e-01	8.510599e+00	8.510599e+00	-8.510599e+00	-8.510599e+00
7.803454509703442e-01	-9.441257e-01	5.587430e-02	-1.382853e-01	1.034774e+01	1.034774e+01	-1.034774e+01	-1.034774e+01
7.813220134703442e-01	-9.221385e-01	7.786147e-02	-1.273021e-01	1.214594e+01	1.214594e+01	-1.214594e+01	-1.214594e+01
7.822985759703442e-01	-8.966807e-01	1.033194e-01	-1.145851e-01	1.389841e+01	1.389841e+01	-1.389841e+01	-1.389841e+01
7.832751384703442e-01	-8.678479e-01	1.321521e-01	-1.001823e-01	1.559858e+01	1.559858e+01	-1.559858e+01	-1.559858e+01
7.842517009703442e-01	-8.357487e-01	1.642513e-01	-8.414781e-02	1.724004e+01	1.724004e+01	-1.724004e+01	-1.724004e+01
7.852282634703442e-01	-8.005039e-01	1.994961e-01	-6.654202e-02	1.881662e+01	1.881662e+01	-1.881662e+01	-1.881662e+01
7.862048259703442e-01	-7.622463e-01	2.377537e-01	-4.743119e-02	2.032237e+01	2.032237e+01	-2.032237e+01	-2.032237e+01
7.871813884703442e-01	-7.211197e-01	2.788803e-01	-2.688725e-02	2.175163e+01	2.175163e+01	-2.175163e+01	-2.175163e+01
7.881579509703442e-01	-6.772790e-01	3.227210e-01	-4.987512e-03	2.309902e+01	2.309902e+01	-2.309902e+01	-2.309902e+01
7.891345134703442e-01	-6.308891e-01	3.691109e-01	1.818558e-02	2.435948e+01	2.435948e+01	-2.435948e+01	-2.435948e+01
7.901110759703442e-01	-5.821248e-01	4.178752e-01	4.254482e-02	2.552825e+01	2.552825e+01	-2.552825e+01	-2.552825e+01
7.910876384703442e-01	-5.311694e-01	4.688306e-01	6.799853e-02	2.660093e+01	2.660093e+01	-2.660093e+01	-2.660093e+01
7.920642009703442e-01	-4.782149e-01	5.217851e-01	9.445089e-02	2.757350e+01	2.757350e+01	-2.757350e+01	-2.757350e+01
7.930407634703442e-01	-4.234604e-01	5.765396e-01	1.218024e-01	2.844229e+01	2.844229e+01	-2.844229e+01	-2.844229e+01
7.949938884703442e-01	-3.093822e-01	6.906178e-01	1.787878e-01	2.985585e+01	2.985585e+01	-2.985585e+01	-2.985585e+01
7.969470134703442e-01	-1.906505e-01	8.093495e-01	2.380978e-01	3.082035e+01	3.082035e+01	-3.082035e+01	-3.082035e+01
7.989001384703442e-01	-6.905135e-02	9.309487e-01	2.988401e-01	3.132128e+01	3.132128e+01	-3.132128e+01	-3.132128e+01
8.008532634703442e-01	5.358645e-02	1.053586e+00	3.601013e-01	3.135111e+01	3.135111e+01	-3.135111e+01	-3.135111e+01
8.028063884703442e-01	1.754182e-01	1.175418e+00	4.209599e-01	3.090939e+01	3.090939e+01	-3.090939e+01	-3.090939e+01
8.047595134703442e-01	2.946116e-01	1.294612e+00	4.805005e-01	3.000276e+01	3.000276e+01	-3.000276e+01	-3.000276e+01
8.067126384703442e-01	4.093737e-01	1.409374e+00	5.378276e-01	2.864487e+01	2.864487e+01	-2.864487e+01	-2.864487e+01
8.086657634703442e-01	5.179785e-01	1.517978e+00	5.920789e-01	2.685612e+01	2.685612e+01	-2.685612e+01	-2.685612e+01
8.106188884703442e-01	6.187924e-01	1.618792e+00	6.424384e-01	2.466344e+01	2.466344e+01	-2.466344e+01	-2.466344e+01
8.125720134703442e-01	7.102990e-01	1.710299e+00	6.881486e-01	2.209980e+01	2.209980e+01	-2.209980e+01	-2.209980e+01
8.145251384703442e-01	7.911221e-01	1.791122e+00	7.285222e-01	1.920375e+01	1.920375e+01	-1.920375e+01	-1.920375e+01
8.164782634703442e-01	8.600460e-01	1.860046e+00	7.629517e-01	1.601887e+01	1.601887e+01	-1.601887e+01	-1.601887e+01
8.184313884703442e-01	9.160340e-01	1.916034e+00	7.909194e-01	1.259304e+01	1.259304e+01	-1.259304e+01	-1.259304e+01
8.203845134703442e-01	9.582440e-01	1.958244e+00	8.120045e-01	8.977805e+00	8.977805e+00	-8.977805e+00	-8.977805e+00
8.223376384703442e-01	9.860411e-01	1.986041e+00	8.258900e-01	5.227534e+00	5.227534e+00	-5.227534e+00	-5.227534e+00
8.242907634703442e-01	9.990072e-01	1.999007e+00	8.323669e-01	1.398636e+00	1.398636e+00	-1.398636e+00	-1.398636e+00
8.262438884703442e-01	9.969474e-01	1.996947e+00	8.313380e-01	-2.451300e+00	-2.451300e+00	2.451300e+00	2.451300e+00
8.281970134703442e-01	9.798925e-01	1.979892e+00	8.228186e-01	-6.264365e+00	-6.264365e+00	6.264365e+00	6.264365e+00
8.301501384703442e-01	9.480991e-01	1.948099e+00	8.069369e-01	-9.983208e+00	-9.983208e+00	9.983208e+00	9.983208e+00
8.321032634703442e-01	9.020455e-01	1.902045e+00	7.839317e-01	-1.355190e+01	-1.355190e+01	1.355190e+01	1.355190e+01
8.340563884703442e-01	8.424242e-01	1.842424e+00	7.541491e-01	-1.691675e+01	-1.691675e+01	1.691675e+01	1.691675e+01
8.360095134703442e-01	7.701321e-01	1.770132e+00	7.180371e-01	-2.002716e+01	-2.002716e+01	2.002716e+01	2.002716e+01
8.379626384703442e-01	6.862565e-01	1.686256e+00	6.761387e-01	-2.283634e+01	-2.283634e+01	2.283634e+01	2.283634e+01
8.399157634703442e-01	5.920589e-01	1.592059e+00	6.290842e-01	-2.530204e+01	-2.530204e+01	2.530204e+01	2.530204e+01
8.418688884703442e-01	4.889562e-01	1.488956e+00	5.775814e-01	-2.738718e+01	-2.738718e+01	2.738718e+01	2.738718e+01
8.438220134703442e-01	3.784992e-01	1.378499e+00	5.224048e-01	-2.906039e+01	-2.906039e+01	2.906039e+01	2.906039e+01
8.457751384703442e-01	2.623492e-01	1.262349e+00	4.643845e-01	-3.029650e+01	-3.029650e+01	3.029650e+01	3.029650e+01
8.477282634703442e-01	1.422532e-01	1.142253e+00	4.043930e-01	-3.107693e+01	-3.107693e+01	3.107693e+01	3.107693e+01
8.496813884703442e-01	2.001762e-02	1.020018e+00	3.433327e-01	-3.138993e+01	-3.138993e+01	3.138993e+01	3.138993e+01
8.516345134703442e-01	-1.025191e-01	8.974809e-01	2.821220e-01	-3.123079e+01	-3.123079e+01	3.123079e+01	3.123079e+01
8.535876384703442e-01	-2.235138e-01	7.764862e-01	2.216816e-01	-3.060192e+01	-3.060192e+01	3.060192e+01	3.060192e+01
8.555407634703442e-01	-3.411466e-01	6.588534e-01	1.629205e-01	-2.951276e+01	-2.951276e+01	2.951276e+01	2.951276e+01
8.565173259703442e-01	-3.981467e-01	6.018533e-01	1.344473e-01	-2.880043e+01	-2.880043e+01	2.880043e+01	2.880043e+01
8.574938884703442e-01	-4.536483e-01	5.463517e-01	1.067226e-01	-2.797971e+01	-2.797971e+01	2.797971e+01	2.797971e+01
8.584704509703442e-01	-5.074425e-01	4.925575e-01	7.985084e-02	-2.705367e+01	-2.705367e+01	2.705367e+01	2.705367e+01
8.594470134703442e-01	-5.593267e-01	4.406733e-01	5.393312e-02	-2.602581e+01	-2.602581e+01	2.602581e+01	2.602581e+01
8.604235759703442e-01	-6.091058e-01	3.908942e-01	2.906701e-02	-2.489999e+01	-2.489999e+01	2.489999e+01	2.489999e+01
8.614001384703442e-01	-6.565923e-01	3.434077e-01	5.346083e-03	-2.368046e+01	-2.368046e+01	2.368046e+01	2.368046e+01
8.623767009703442e-01	-7.016076e-01	2.983924e-01	-1.714037e-02	-2.237180e+01	-2.237180e+01	2.237180e+01	2.237180e+01
8.633532634703442e-01	-7.439821e-01	2.560178e-01	-3.830772e-02	-2.097894e+01	-2.097894e+01	2.097894e+01	2.097894e+01
8.643298259703442e-01	-7.835566e-01	2.164434e-01	-5.807630e-02	-1.950711e+01	-1.950711e+01	1.950711e+01	1.950711e+01
8.653063884703442e-01	-8.201818e-01	1.798182e-01	-7.637170e-02	-1.796187e+01	-1.796187e+01	1.796187e+01	1.796187e+01
8.662829509703442e-01	-8.537201e-01	1.462799e-01	-9.312507e-02	-1.634902e+01	-1.634902e+01	1.634902e+01	1.634902e+01
8.672595134703442e-01	-8.840452e-01	1.159548e-01	-1.082733e-01	-1.467464e+01	-1.467464e+01	1.467464e+01	1.467464e+01
8.682360759703442e-01	-9.110429e-01	8.895709e-02	-1.217595e-01	-1.294502e+01	-1.294502e+01	1.294502e+01	1.294502e+01
8.692126384703442e-01	-9.346117e-01	6.538833e-02	-1.335328e-01	-1.116669e+01	-1.116669e+01	1.116669e+01	1.116669e+01
8.701892009703442e-01	-9.546628e-01	4.533723e-02	-1.435489e-01	-9.346321e+00	-9.346321e+00	9.346321e+00	9.346321e+00
8.711657634703442e-01	-9.711207e-01	2.887926e-02	-1.517702e-01	-7.490778e+00	-7.490778e+00	7.490778e+00	7.490778e+00
8.721423259703442e-01	-9.839236e-01	1.607637e-02	-1.581656e-01	-5.607042e+00	-5.607042e+00	5.607042e+00	5.607042e+00
8.731188884703442e-01	-9.930233e-01	6.976751e-03	-1.627111e-01	-3.702202e+00	-3.702202e+00	3.702202e+00	3.702202e+00
8.740954509703442e-01	-9.983854e-01	1.614645e-03	-1.653896e-01	-1.783428e+00	-1.783428e+00	1.783428e+00	1.783428e+00
8.750720134703442e-01	-9.999897e-01	1.023662e-05	-1.661911e-01	1.420592e-01	1.420592e-01	-1.420592e-01	-1.420592e-01
8.760485759703442e-01	-9.978305e-01	2.169564e-03	-1.651124e-01	2.067011e+00	2.067011e+00	-2.067011e+00	-2.067011e+00
8.770251384703442e-01	-9.919155e-01	8.084499e-03	-1.621577e-01	3.984184e+00	3.984184e+00	-3.984184e+00	-3.984184e+00
8.780017009703442e-01	-9.822672e-01	1.773278e-02	-1.573381e-01	5.886361e+00	5.886361e+00	-5.886361e+00	-5.886361e+00
8.789782634703442e-01	-9.689219e-01	3.107809e-02	-1.506718e-01	7.766382e+00	7.766382e+00	-7.766382e+00	-7.766382e+00
8.799548259703442e-01	-9.519298e-01	4.807021e-02	-1.421837e-01	9.617173e+00	9.617173e+00	-9.617173e+00	-9.617173e+00
8.809313884703442e-01	-9.313548e-01	6.864518e-02	-1.319059e-01	1.143177e+01	1.143177e+01	-1.143177e+01	-1.143177e+01
8.819079509703442e-01	-9.072744e-01	9.272555e-02	-1.198770e-01	1.320333e+01	1.320333e+01	-1.320333e+01	-1.320333e+01
8.828845134703442e-01	-8.797793e-01	1.202207e-01	-1.061424e-01	1.492521e+01	1.492521e+01	-1.492521e+01	-1.492521e+01
8.838610759703442e-01	-8.489729e-01	1.510271e-01	-9.075367e-02	1.659090e+01	1.659090e+01	-1.659090e+01	-1.659090e+01
8.848376384703442e-01	-8.149711e-01	1.850289e-01	-7.376878e-02	1.819416e+01	1.819416e+01	-1.819416e+01	-1.819416e+01
8.858142009703442e-01	-7.779019e-01	2.220981e-01	-5.525165e-02	1.972894e+01	1.972894e+01	-1.972894e+01	-1.972894e+01
8.867907634703442e-01	-7.379049e-01	2.620951e-01	-3.527196e-02	2.118945e+01	2.118945e+01	-2.118945e+01	-2.118945e+01
8.877673259703442e-01	-6.951306e-01	3.048694e-01	-1.390494e-02	2.257022e+01	2.257022e+01	-2.257022e+01	-2.257022e+01
8.887438884703442e-01	-6.497400e-01	3.502600e-01	8.769020e-03	2.386604e+01	2.386604e+01	-2.386604e+01	-2.386604e+01
8.897204509703442e-01	-6.019039e-01	3.980961e-01	3.266456e-02	2.507203e+01	2.507203e+01	-2.507203e+01	-2.507203e+01
8.906970134703442e-01	-5.518024e-01	4.481976e-01	5.769175e-02	2.618366e+01	2.618366e+01	-2.618366e+01	-2.618366e+01
8.916735759703442e-01	-4.996240e-01	5.003760e-01	8.375639e-02	2.719673e+01	2.719673e+01	-2.719673e+01	-2.719673e+01
8.926501384703442e-01	-4.455651e-01	5.544349e-01	1.107604e-01	2.810745e+01	2.810745e+01	-2.810745e+01	-2.810745e+01
8.936267009703442e-01	-3.898293e-01	6.101707e-01	1.386021e-01	2.891237e+01	2.891237e+01	-2.891237e+01	-2.891237e+01
8.955798259703442e-01	-2.741711e-01	7.258288e-01	1.963767e-01	3.019314e+01	3.019314e+01	-3.019314e+01	-3.019314e+01
8.975329509703442e-01	-1.543892e-01	8.456107e-01	2.562113e-01	3.101978e+01	3.101978e+01	-3.101978e+01	-3.101978e+01
8.994860759703442e-01	-3.228519e-02	9.677148e-01	3.172059e-01	3.137985e+01	3.137985e+01	-3.137985e+01	-3.137985e+01
9.014392009703442e-01	9.030447e-02	1.090304e+00	3.784431e-01	3.126794e+01	3.126794e+01	-3.126794e+01	-3.126794e+01
9.033923259703442e-01	2.115359e-01	1.211536e+00	4.390017e-01	3.068573e+01	3.068573e+01	-3.068573e+01	-3.068573e+01
9.053454509703442e-01	3.295856e-01	1.329586e+00	4.979711e-01	2.964198e+01	2.964198e+01	-2.964198e+01	-2.964198e+01
9.072985759703442e-01	4.426780e-01	1.442678e+00	5.544641e-01	2.815238e+01	2.815238e+01	-2.815238e+01	-2.815238e+01
9.092517009703442e-01	5.491121e-01	1.549112e+00	6.076311e-01	2.623935e+01	2.623935e+01	-2.623935e+01	-2.623935e+01
9.112048259703442e-01	6.472871e-01	1.647287e+00	6.566724e-01	2.393165e+01	2.393165e+01	-2.393165e+01	-2.393165e+01
9.131579509703442e-01	7.357263e-01	1.735726e+00	7.008504e-01	2.126400e+01	2.126400e+01	-2.126400e+01	-2.126400e+01
9.151110759703442e-01	8.130995e-01	1.813100e+00	7.395005e-01	1.827652e+01	1.827652e+01	-1.827652e+01	-1.827652e+01
9.170642009703442e-01	8.782429e-01	1.878243e+00	7.720416e-01	1.501414e+01	1.501414e+01	-1.501414e+01	-1.501414e+01
9.190173259703442e-01	9.301767e-01	1.930177e+00	7.979841e-01	1.152593e+01	1.152593e+01	-1.152593e+01	-1.152593e+01
9.209704509703442e-01	9.681197e-01	1.968120e+00	8.169377e-01	7.864368e+00	7.864368e+00	-7.864368e+00	-7.864368e+00
9.229235759703442e-01	9.915015e-01	1.991501e+00	8.286176e-01	4.084515e+00	4.084515e+00	-4.084515e+00	-4.084515e+00
9.248767009703442e-01	9.999700e-01	1.999970e+00	8.328479e-01	2.432274e-01	2.432274e-01	-2.432274e-01	-2.432274e-01
9.268298259703442e-01	9.933981e-01	1.993398e+00	8.295650e-01	-3.601718e+00	-3.601718e+00	3.601718e+00	3.601718e+00
9.287829509703442e-01	9.718845e-01	1.971884e+00	8.188183e-01	-7.392491e+00	-7.392491e+00	7.392491e+00	7.392491e+00
9.307360759703442e-01	9.357529e-01	1.935753e+00	8.007696e-01	-1.107207e+01	-1.107207e+01	1.107207e+01	1.107207e+01
9.326892009703442e-01	8.855467e-01	1.885547e+00	7.756901e-01	-1.458512e+01	-1.458512e+01	1.458512e+01	1.458512e+01
9.346423259703442e-01	8.220211e-01	1.822021e+00	7.439572e-01	-1.787880e+01	-1.787880e+01	1.787880e+01	1.787880e+01
9.365954509703442e-01	7.461315e-01	1.746131e+00	7.060480e-01	-2.090356e+01	-2.090356e+01	2.090356e+01	2.090356e+01
9.385485759703442e-01	6.590194e-01	1.659019e+00	6.625329e-01	-2.361391e+01	-2.361391e+01	2.361391e+01	2.361391e+01
9.405017009703442e-01	5.619950e-01	1.561995e+00	6.140664e-01	-2.596909e+01	-2.596909e+01	2.596909e+01	2.596909e+01
9.424548259703442e-01	4.565177e-01	1.456518e+00	5.613774e-01	-2.793366e+01	-2.793366e+01	2.793366e+01	2.793366e+01
9.444079509703442e-01	3.441739e-01	1.344174e+00	5.052583e-01	-2.947809e+01	-2.947809e+01	2.947809e+01	2.947809e+01
9.463610759703442e-01	2.266535e-01	1.226653e+00	4.465534e-01	-3.057914e+01	-3.057914e+01	3.057914e+01	3.057914e+01
9.483142009703442e-01	1.057239e-01	1.105724e+00	3.861456e-01	-3.122026e+01	-3.122026e+01	3.122026e+01	3.122026e+01
9.502673259703442e-01	-1.679580e-02	9.832042e-01	3.249433e-01	-3.139179e+01	-3.139179e+01	3.139179e+01	3.139179e+01
9.522204509703442e-01	-1.390629e-01	8.609371e-01	2.638673e-01	-3.109116e+01	-3.109116e+01	3.109116e+01	3.109116e+01
9.541735759703442e-01	-2.592384e-01	7.407616e-01	2.038361e-01	-3.032289e+01	-3.032289e+01	3.032289e+01	3.032289e+01
9.561267009703442e-01	-3.755146e-01	6.244854e-01	1.457527e-01	-2.909853e+01	-2.909853e+01	2.909853e+01	2.909853e+01
9.571032634703442e-01	-4.316410e-01	5.683590e-01	1.177159e-01	-2.832082e+01	-2.832082e+01	2.832082e+01	2.832082e+01
9.580798259703442e-01	-4.861428e-01	5.138572e-01	9.049065e-02	-2.743651e+01	-2.743651e+01	2.743651e+01	2.743651e+01
9.590563884703442e-01	-5.388149e-01	4.611851e-01	6.417940e-02	-2.644893e+01	-2.644893e+01	2.644893e+01	2.644893e+01
9.600329509703442e-01	-5.894589e-01	4.105411e-01	3.888118e-02	-2.536181e+01	-2.536181e+01	2.536181e+01	2.536181e+01
9.610095134703442e-01	-6.378844e-01	3.621156e-01	1.469122e-02	-2.417923e+01	-2.417923e+01	2.417923e+01	2.417923e+01
9.619860759703442e-01	-6.839091e-01	3.160909e-01	-8.299451e-03	-2.290565e+01	-2.290565e+01	2.290565e+01	2.290565e+01
9.629626384703442e-01	-7.273597e-01	2.726403e-01	-3.000429e-02	-2.154586e+01	-2.154586e+01	2.154586e+01	2.154586e+01
9.639392009703442e-01	-7.680726e-01	2.319274e-01	-5.034161e-02	-2.010497e+01	-2.010497e+01	2.010497e+01	2.010497e+01
9.649157634703442e-01	-8.058947e-01	1.941053e-01	-6.923486e-02	-1.858841e+01	-1.858841e+01	1.858841e+01	1.858841e+01
9.658923259703442e-01	-8.406836e-01	1.593164e-01	-8.661293e-02	-1.700189e+01	-1.700189e+01	1.700189e+01	1.700189e+01
9.668688884703442e-01	-8.723083e-01	1.276917e-01	-1.024104e-01	-1.535138e+01	-1.535138e+01	1.535138e+01	1.535138e+01
9.678454509703442e-01	-9.006499e-01	9.935012e-02	-1.165679e-01	-1.364308e+01	-1.364308e+01	1.364308e+01	1.364308e+01
9.688220134703442e-01	-9.256016e-01	7.439839e-02	-1.290320e-01	-1.188344e+01	-1.188344e+01	1.188344e+01	1.188344e+01
9.697985759703442e-01	-9.470696e-01	5.293041e-02	-1.397559e-01	-1.007908e+01	-1.007908e+01	1.007908e+01	1.007908e+01
9.707751384703442e-01	-9.649730e-01	3.502700e-02	-1.486992e-01	-8.236773e+00	-8.236773e+00	8.236773e+00	8.236773e+00
9.717517009703442e-01	-9.792445e-01	2.075552e-02	-1.558282e-01	-6.363468e+00	-6.363468e+00	6.363468e+00	6.363468e+00
9.727282634703442e-01	-9.898303e-01	1.016970e-02	-1.611161e-01	-4.466213e+00	-4.466213e+00	4.466213e+00	4.466213e+00
9.737048259703442e-01	-9.966906e-01	3.309377e-03	-1.645431e-01	-2.552148e+00	-2.552148e+00	2.552148e+00	2.552148e+00
9.746813884703442e-01	-9.997996e-01	2.003725e-04	-1.660961e-01	-6.284774e-01	-6.284774e-01	6.284774e-01	6.284774e-01
9.756579509703442e-01	-9.991456e-01	8.543876e-04	-1.657694e-01	1.297559e+00	1.297559e+00	-1.297559e+00	-1.297559e+00
9.766345134703442e-01	-9.947310e-01	5.268961e-03	-1.635642e-01	3.218711e+00	3.218711e+00	-3.218711e+00	-3.218711e+00
9.776110759703442e-01	-9.865725e-01	1.342748e-02	-1.594888e-01	5.127749e+00	5.127749e+00	-5.127749e+00	-5.127749e+00
9.785876384703442e-01	-9.747007e-01	2.529923e-02	-1.535585e-01	7.017487e+00	7.017487e+00	-7.017487e+00	-7.017487e+00
9.795642009703442e-01	-9.591604e-01	4.083954e-02	-1.457956e-01	8.880813e+00	8.880813e+00	-8.880813e+00	-8.880813e+00
9.805407634703442e-01	-9.400101e-01	5.998991e-02	-1.362295e-01	1.071071e+01	1.071071e+01	-1.071071e+01	-1.071071e+01
9.815173259703442e-01	-9.173217e-01	8.267827e-02	-1.248960e-01	1.250030e+01	1.250030e+01	-1.250030e+01	-1.250030e+01
9.824938884703442e-01	-8.911808e-01	1.088192e-01	-1.118378e-01	1.424284e+01	1.424284e+01	-1.424284e+01	-1.424284e+01
9.834704509703442e-01	-8.616856e-01	1.383144e-01	-9.710409e-02	1.593177e+01	1.593177e+01	-1.593177e+01	-1.593177e+01
9.844470134703442e-01	-8.289473e-01	1.710527e-01	-8.075032e-02	1.756074e+01	1.756074e+01	-1.756074e+01	-1.756074e+01
9.854235759703442e-01	-7.930890e-01	2.069110e-01	-6.283803e-02	1.912362e+01	1.912362e+01	-1.912362e+01	-1.912362e+01
9.864001384703442e-01	-7.542456e-01	2.457543e-01	-4.343465e-02	2.061452e+01	2.061452e+01	-2.061452e+01	-2.061452e+01
9.873767009703442e-01	-7.125635e-01	2.874365e-01	-2.261320e-02	2.202782e+01	2.202782e+01	-2.202782e+01	-2.202782e+01
9.883532634703442e-01	-6.681995e-01	3.318005e-01	-4.520380e-04	2.335822e+01	2.335822e+01	-2.335822e+01	-2.335822e+01
9.893298259703442e-01	-6.213205e-01	3.786795e-01	2.296541e-02	2.460071e+01	2.460071e+01	-2.460071e+01	-2.460071e+01
9.903063884703442e-01	-5.721030e-01	4.278970e-01	4.755102e-02	2.575061e+01	2.575061e+01	-2.575061e+01	-2.575061e+01
9.912829509703442e-01	-5.207322e-01	4.792678e-01	7.321224e-02	2.680358e+01	2.680358e+01	-2.680358e+01	-2.680358e+01
9.922595134703442e-01	-4.674015e-01	5.325986e-01	9.985250e-02	2.775567e+01	2.775567e+01	-2.775567e+01	-2.775567e+01
9.932360759703442e-01	-4.123116e-01	5.876884e-01	1.273715e-01	2.860330e+01	2.860330e+01	-2.860330e+01	-2.860330e+01
9.951892009703442e-01	-2.976894e-01	7.023106e-01	1.846287e-01	2.997280e+01	2.997280e+01	-2.997280e+01	-2.997280e+01
9.971423259703442e-01	-1.785897e-01	8.214102e-01	2.441225e-01	3.089148e+01	3.089148e+01	-3.089148e+01	-3.089148e+01
9.990954509703442e-01	-5.680390e-02	9.431961e-01	3.049568e-01	3.134698e+01	3.134698e+01	-3.134698e+01	-3.134698e+01
1.000000000000000e+00	-2.449294e-15	1.000000e+00	3.333333e-01	3.142829e+01	3.142829e+01	-3.142829e+01	-3.142829e+01
