time	V(n002)	V(n001)	V(n003)	I(L1)	I(R1)	I(V2)	I(V1)
0.000000000000000e+00	0.000000e+00	1.000000e+00	9.990010e-04	9.990010e-01	9.990010e-01	-9.990010e-01	-9.990010e-01
4.288144243348923e-04	2.697828e-02	1.026978e+00	2.795265e-02	9.990104e-01	9.990104e-01	-9.990104e-01	-9.990104e-01
8.576288486697847e-04	5.389171e-02	1.053892e+00	5.482714e-02	9.990308e-01	9.990308e-01	-9.990308e-01	-9.990308e-01
1.286443273004677e-03	8.074031e-02	1.080740e+00	8.162249e-02	9.990622e-01	9.990622e-01	-9.990622e-01	-9.990622e-01
1.715257697339569e-03	1.075241e-01	1.107524e+00	1.083387e-01	9.991046e-01	9.991046e-01	-9.991046e-01	-9.991046e-01
2.144072121674462e-03	1.342430e-01	1.134243e+00	1.349757e-01	9.991579e-01	9.991579e-01	-9.991579e-01	-9.991579e-01
2.572886546009354e-03	1.608971e-01	1.160897e+00	1.615336e-01	9.992222e-01	9.992222e-01	-9.992222e-01	-9.992222e-01
3.001700970344245e-03	1.874863e-01	1.187486e+00	1.880124e-01	9.992975e-01	9.992975e-01	-9.992975e-01	-9.992975e-01
4.954825970344245e-03	3.063163e-01	1.306316e+00	3.062494e-01	9.997787e-01	9.997787e-01	-9.997787e-01	-9.997787e-01
6.907950970344245e-03	4.205390e-01	1.420539e+00	4.196570e-01	1.000486e+00	1.000486e+00	-1.000486e+00	-1.000486e+00
8.861075970344245e-03	5.284365e-01	1.528436e+00	5.265299e-01	1.001409e+00	1.001409e+00	-1.001409e+00	-1.001409e+00
1.081420097034425e-02	6.283857e-01	1.628386e+00	6.252612e-01	1.002533e+00	1.002533e+00	-1.002533e+00	-1.002533e+00
1.276732597034425e-02	7.188835e-01	1.718884e+00	7.143663e-01	1.003841e+00	1.003841e+00	-1.003841e+00	-1.003841e+00
1.472045097034425e-02	7.985685e-01	1.798568e+00	7.925053e-01	1.005312e+00	1.005312e+00	-1.005312e+00	-1.005312e+00
1.667357597034425e-02	8.662424e-01	1.866242e+00	8.585036e-01	1.006924e+00	1.006924e+00	-1.006924e+00	-1.006924e+00
1.862670097034425e-02	9.208872e-01	1.920887e+00	9.113689e-01	1.008652e+00	1.008652e+00	-1.008652e+00	-1.008652e+00
2.057982597034425e-02	9.616809e-01	1.961681e+00	9.503065e-01	1.010470e+00	1.010470e+00	-1.010470e+00	-1.010470e+00
2.253295097034425e-02	9.880101e-01	1.988010e+00	9.747311e-01	1.012349e+00	1.012349e+00	-1.012349e+00	-1.012349e+00
2.448607597034425e-02	9.994787e-01	1.999479e+00	9.842760e-01	1.014262e+00	1.014262e+00	-1.014262e+00	-1.014262e+00
2.643920097034425e-02	9.959142e-01	1.995914e+00	9.787980e-01	1.016179e+00	1.016179e+00	-1.016179e+00	-1.016179e+00
2.839232597034425e-02	9.773703e-01	1.977370e+00	9.583799e-01	1.018071e+00	1.018071e+00	-1.018071e+00	-1.018071e+00
3.034545097034425e-02	9.441257e-01	1.944126e+00	9.233292e-01	1.019908e+00	1.019908e+00	-1.019908e+00	-1.019908e+00
3.229857597034425e-02	8.966807e-01	1.896681e+00	8.741738e-01	1.021663e+00	1.021663e+00	-1.021663e+00	-1.021663e+00
3.425170097034425e-02	8.357487e-01	1.835749e+00	8.116532e-01	1.023309e+00	1.023309e+00	-1.023309e+00	-1.023309e+00
3.620482597034425e-02	7.622463e-01	1.762246e+00	7.367084e-01	1.024821e+00	1.024821e+00	-1.024821e+00	-1.024821e+00
3.815795097034425e-02	6.772790e-01	1.677279e+00	6.504672e-01	1.026175e+00	1.026175e+00	-1.026175e+00	-1.026175e+00
4.011107597034425e-02	5.821248e-01	1.582125e+00	5.542269e-01	1.027350e+00	1.027350e+00	-1.027350e+00	-1.027350e+00
4.206420097034425e-02	4.782149e-01	1.478215e+00	4.494356e-01	1.028329e+00	1.028329e+00	-1.028329e+00	-1.028329e+00
4.401732597034425e-02	3.671122e-01	1.367112e+00	3.376701e-01	1.029097e+00	1.029097e+00	-1.029097e+00	-1.029097e+00
4.597045097034425e-02	2.504877e-01	1.250488e+00	2.206117e-01	1.029640e+00	1.029640e+00	-1.029640e+00	-1.029640e+00
4.792357597034425e-02	1.300958e-01	1.130096e+00	1.000215e-01	1.029952e+00	1.029952e+00	-1.029952e+00	-1.029952e+00
4.987670097034425e-02	7.747029e-03	1.007747e+00	-2.228607e-02	1.030026e+00	1.030026e+00	-1.030026e+00	-1.030026e+00
5.182982597034425e-02	-1.147182e-01	8.852817e-01	-1.444711e-01	1.029861e+00	1.029861e+00	-1.029861e+00	-1.029861e+00
5.378295097034425e-02	-2.354580e-01	7.645420e-01	-2.646953e-01	1.029459e+00	1.029459e+00	-1.029459e+00	-1.029459e+00
5.573607597034425e-02	-3.526563e-01	6.473437e-01	-3.811501e-01	1.028826e+00	1.028826e+00	-1.028826e+00	-1.028826e+00
5.768920097034425e-02	-4.645503e-01	5.354497e-01	-4.920833e-01	1.027970e+00	1.027970e+00	-1.027970e+00	-1.027970e+00
5.964232597034425e-02	-5.694571e-01	4.305429e-01	-5.958259e-01	1.026905e+00	1.026905e+00	-1.026905e+00	-1.026905e+00
6.061888847034425e-02	-6.187924e-01	3.812076e-01	-6.445081e-01	1.026298e+00	1.026298e+00	-1.026298e+00	-1.026298e+00
6.159545097034425e-02	-6.657986e-01	3.342014e-01	-6.908172e-01	1.025645e+00	1.025645e+00	-1.025645e+00	-1.025645e+00
6.257201347034425e-02	-7.102990e-01	2.897010e-01	-7.345787e-01	1.024948e+00	1.024948e+00	-1.024948e+00	-1.024948e+00
6.354857597034425e-02	-7.521260e-01	2.478740e-01	-7.756279e-01	1.024210e+00	1.024210e+00	-1.024210e+00	-1.024210e+00
6.452513847034425e-02	-7.911221e-01	2.088779e-01	-8.138102e-01	1.023432e+00	1.023432e+00	-1.023432e+00	-1.023432e+00
6.550170097034425e-02	-8.271406e-01	1.728594e-01	-8.489820e-01	1.022620e+00	1.022620e+00	-1.022620e+00	-1.022620e+00
6.647826347034425e-02	-8.600460e-01	1.399540e-01	-8.810107e-01	1.021774e+00	1.021774e+00	-1.021774e+00	-1.021774e+00
6.745482597034425e-02	-8.897144e-01	1.102857e-01	-9.097756e-01	1.020898e+00	1.020898e+00	-1.020898e+00	-1.020898e+00
6.843138847034425e-02	-9.160340e-01	8.396599e-02	-9.351687e-01	1.019997e+00	1.019997e+00	-1.019997e+00	-1.019997e+00
6.940795097034425e-02	-9.389059e-01	6.109409e-02	-9.570941e-01	1.019072e+00	1.019072e+00	-1.019072e+00	-1.019072e+00
7.038451347034425e-02	-9.582440e-01	4.175600e-02	-9.754694e-01	1.018127e+00	1.018127e+00	-1.018127e+00	-1.018127e+00
7.136107597034425e-02	-9.739755e-01	2.602453e-02	-9.902252e-01	1.017166e+00	1.017166e+00	-1.017166e+00	-1.017166e+00
7.233763847034425e-02	-9.860411e-01	1.395889e-02	-1.001306e+00	1.016193e+00	1.016193e+00	-1.016193e+00	-1.016193e+00
7.331420097034425e-02	-9.943955e-01	5.604479e-03	-1.008670e+00	1.015210e+00	1.015210e+00	-1.015210e+00	-1.015210e+00
7.429076347034425e-02	-9.990072e-01	9.927504e-04	-1.012290e+00	1.014223e+00	1.014223e+00	-1.014223e+00	-1.014223e+00
7.526732597034425e-02	-9.998589e-01	1.410593e-04	-1.012151e+00	1.013233e+00	1.013233e+00	-1.013233e+00	-1.013233e+00
7.624388847034425e-02	-9.969474e-01	3.052612e-03	-1.008255e+00	1.012246e+00	1.012246e+00	-1.012246e+00	-1.012246e+00
7.722045097034425e-02	-9.902835e-01	9.716448e-03	-1.000615e+00	1.011264e+00	1.011264e+00	-1.011264e+00	-1.011264e+00
7.819701347034425e-02	-9.798925e-01	2.010749e-02	-9.892616e-01	1.010291e+00	1.010291e+00	-1.010291e+00	-1.010291e+00
7.917357597034425e-02	-9.658134e-01	3.418662e-02	-9.742360e-01	1.009331e+00	1.009331e+00	-1.009331e+00	-1.009331e+00
8.015013847034425e-02	-9.480991e-01	5.190086e-02	-9.555951e-01	1.008388e+00	1.008388e+00	-1.008388e+00	-1.008388e+00
8.112670097034425e-02	-9.268165e-01	7.318353e-02	-9.334092e-01	1.007465e+00	1.007465e+00	-1.007465e+00	-1.007465e+00
8.210326347034425e-02	-9.020455e-01	9.795453e-02	-9.077615e-01	1.006565e+00	1.006565e+00	-1.006565e+00	-1.006565e+00
8.307982597034425e-02	-8.738794e-01	1.261206e-01	-8.787485e-01	1.005692e+00	1.005692e+00	-1.005692e+00	-1.005692e+00
8.405638847034425e-02	-8.424242e-01	1.575758e-01	-8.464796e-01	1.004848e+00	1.004848e+00	-1.004848e+00	-1.004848e+00
8.503295097034425e-02	-8.077983e-01	1.922017e-01	-8.110760e-01	1.004038e+00	1.004038e+00	-1.004038e+00	-1.004038e+00
8.600951347034425e-02	-7.701321e-01	2.298679e-01	-7.726709e-01	1.003263e+00	1.003263e+00	-1.003263e+00	-1.003263e+00
8.698607597034425e-02	-7.295672e-01	2.704328e-01	-7.314088e-01	1.002528e+00	1.002528e+00	-1.002528e+00	-1.002528e+00
8.796263847034425e-02	-6.862565e-01	3.137435e-01	-6.874450e-01	1.001834e+00	1.001834e+00	-1.001834e+00	-1.001834e+00
8.893920097034425e-02	-6.403628e-01	3.596372e-01	-6.409450e-01	1.001185e+00	1.001185e+00	-1.001185e+00	-1.001185e+00
8.991576347034425e-02	-5.920589e-01	4.079411e-01	-5.920835e-01	1.000582e+00	1.000582e+00	-1.000582e+00	-1.000582e+00
9.186888847034425e-02	-4.889562e-01	5.110437e-01	-4.880201e-01	9.995239e-01	9.995239e-01	-9.995239e-01	-9.995239e-01
9.382201347034425e-02	-3.784992e-01	6.215008e-01	-3.768197e-01	9.986766e-01	9.986766e-01	-9.986766e-01	-9.986766e-01
9.577513847034425e-02	-2.623492e-01	7.376508e-01	-2.601544e-01	9.980521e-01	9.980521e-01	-9.980521e-01	-9.980521e-01
9.772826347034425e-02	-1.422532e-01	8.577468e-01	-1.397786e-01	9.976592e-01	9.976592e-01	-9.976592e-01	-9.976592e-01
9.968138847034425e-02	-2.001762e-02	9.799824e-01	-1.750233e-02	9.975035e-01	9.975035e-01	-9.975035e-01	-9.975035e-01
1.016345134703442e-01	1.025191e-01	1.102519e+00	1.048356e-01	9.975870e-01	9.975870e-01	-9.975870e-01	-9.975870e-01
1.035876384703442e-01	2.235138e-01	1.223514e+00	2.253956e-01	9.979079e-01	9.979079e-01	-9.979079e-01	-9.979079e-01
1.055407634703442e-01	3.411466e-01	1.341147e+00	3.423647e-01	9.984609e-01	9.984609e-01	-9.984609e-01	-9.984609e-01
1.074938884703442e-01	4.536483e-01	1.453648e+00	4.539841e-01	9.992374e-01	9.992374e-01	-9.992374e-01	-9.992374e-01
1.094470134703442e-01	5.593267e-01	1.559327e+00	5.585752e-01	1.000225e+00	1.000225e+00	-1.000225e+00	-1.000225e+00
1.114001384703442e-01	6.565923e-01	1.656592e+00	6.545654e-01	1.001409e+00	1.001409e+00	-1.001409e+00	-1.001409e+00
1.133532634703442e-01	7.439821e-01	1.743982e+00	7.405112e-01	1.002771e+00	1.002771e+00	-1.002771e+00	-1.002771e+00
1.153063884703442e-01	8.201818e-01	1.820182e+00	8.151206e-01	1.004290e+00	1.004290e+00	-1.004290e+00	-1.004290e+00
1.172595134703442e-01	8.840452e-01	1.884045e+00	8.772715e-01	1.005942e+00	1.005942e+00	-1.005942e+00	-1.005942e+00
1.192126384703442e-01	9.346117e-01	1.934612e+00	9.260296e-01	1.007703e+00	1.007703e+00	-1.007703e+00	-1.007703e+00
1.211657634703442e-01	9.711207e-01	1.971121e+00	9.606621e-01	1.009545e+00	1.009545e+00	-1.009545e+00	-1.009545e+00
1.231188884703442e-01	9.930233e-01	1.993023e+00	9.806483e-01	1.011441e+00	1.011441e+00	-1.011441e+00	-1.011441e+00
1.250720134703442e-01	9.999897e-01	1.999990e+00	9.856882e-01	1.013361e+00	1.013361e+00	-1.013361e+00	-1.013361e+00
1.270251384703442e-01	9.919155e-01	1.991915e+00	9.757062e-01	1.015276e+00	1.015276e+00	-1.015276e+00	-1.015276e+00
1.289782634703442e-01	9.689219e-01	1.968922e+00	9.508530e-01	1.017157e+00	1.017157e+00	-1.017157e+00	-1.017157e+00
1.309313884703442e-01	9.313548e-01	1.931355e+00	9.115028e-01	1.018976e+00	1.018976e+00	-1.018976e+00	-1.018976e+00
1.328845134703442e-01	8.797793e-01	1.879779e+00	8.582479e-01	1.020704e+00	1.020704e+00	-1.020704e+00	-1.020704e+00
1.348376384703442e-01	8.149711e-01	1.814971e+00	7.918897e-01	1.022315e+00	1.022315e+00	-1.022315e+00	-1.022315e+00
1.367907634703442e-01	7.379049e-01	1.737905e+00	7.134266e-01	1.023784e+00	1.023784e+00	-1.023784e+00	-1.023784e+00
1.387438884703442e-01	6.497400e-01	1.649740e+00	6.240393e-01	1.025089e+00	1.025089e+00	-1.025089e+00	-1.025089e+00
1.406970134703442e-01	5.518024e-01	1.551802e+00	5.250726e-01	1.026211e+00	1.026211e+00	-1.026211e+00	-1.026211e+00
1.426501384703442e-01	4.455651e-01	1.445565e+00	4.180154e-01	1.027130e+00	1.027130e+00	-1.027130e+00	-1.027130e+00
1.446032634703442e-01	3.326262e-01	1.332626e+00	3.044785e-01	1.027835e+00	1.027835e+00	-1.027835e+00	-1.027835e+00
1.465563884703442e-01	2.146842e-01	1.214684e+00	1.861699e-01	1.028312e+00	1.028312e+00	-1.028312e+00	-1.028312e+00
1.485095134703442e-01	9.351320e-02	1.093513e+00	6.486946e-02	1.028556e+00	1.028556e+00	-1.028556e+00	-1.028556e+00
1.494860759703442e-01	3.228519e-02	1.032285e+00	3.666599e-03	1.028588e+00	1.028588e+00	-1.028588e+00	-1.028588e+00
1.514392009703442e-01	-9.030447e-02	9.096955e-01	-1.186933e-01	1.028474e+00	1.028474e+00	-1.028474e+00	-1.028474e+00
1.533923259703442e-01	-2.115359e-01	7.884641e-01	-2.394585e-01	1.028122e+00	1.028122e+00	-1.028122e+00	-1.028122e+00
1.553454509703442e-01	-3.295856e-01	6.704144e-01	-3.568124e-01	1.027537e+00	1.027537e+00	-1.027537e+00	-1.027537e+00
1.572985759703442e-01	-4.426780e-01	5.573220e-01	-4.689892e-01	1.026728e+00	1.026728e+00	-1.026728e+00	-1.026728e+00
1.592517009703442e-01	-5.491121e-01	4.508879e-01	-5.743014e-01	1.025706e+00	1.025706e+00	-1.025706e+00	-1.025706e+00
1.602282634703442e-01	-5.993275e-01	4.006725e-01	-6.238834e-01	1.025120e+00	1.025120e+00	-1.025120e+00	-1.025120e+00
1.612048259703442e-01	-6.472871e-01	3.527129e-01	-6.711646e-01	1.024487e+00	1.024487e+00	-1.024487e+00	-1.024487e+00
1.621813884703442e-01	-6.928105e-01	3.071895e-01	-7.159668e-01	1.023808e+00	1.023808e+00	-1.023808e+00	-1.023808e+00
1.631579509703442e-01	-7.357263e-01	2.642737e-01	-7.581215e-01	1.023088e+00	1.023088e+00	-1.023088e+00	-1.023088e+00
1.641345134703442e-01	-7.758730e-01	2.241270e-01	-7.974699e-01	1.022327e+00	1.022327e+00	-1.022327e+00	-1.022327e+00
1.651110759703442e-01	-8.130995e-01	1.869005e-01	-8.338637e-01	1.021529e+00	1.021529e+00	-1.021529e+00	-1.021529e+00
1.660876384703442e-01	-8.472657e-01	1.527344e-01	-8.671662e-01	1.020698e+00	1.020698e+00	-1.020698e+00	-1.020698e+00
1.670642009703442e-01	-8.782429e-01	1.217571e-01	-8.972517e-01	1.019835e+00	1.019835e+00	-1.019835e+00	-1.019835e+00
1.680407634703442e-01	-9.059146e-01	9.408540e-02	-9.240071e-01	1.018945e+00	1.018945e+00	-1.018945e+00	-1.018945e+00
1.690173259703442e-01	-9.301767e-01	6.982332e-02	-9.473317e-01	1.018030e+00	1.018030e+00	-1.018030e+00	-1.018030e+00
1.699938884703442e-01	-9.509378e-01	4.906221e-02	-9.671374e-01	1.017094e+00	1.017094e+00	-1.017094e+00	-1.017094e+00
1.709704509703442e-01	-9.681197e-01	3.188023e-02	-9.833499e-01	1.016141e+00	1.016141e+00	-1.016141e+00	-1.016141e+00
1.719470134703442e-01	-9.816580e-01	1.834203e-02	-9.959079e-01	1.015174e+00	1.015174e+00	-1.015174e+00	-1.015174e+00
1.729235759703442e-01	-9.915015e-01	8.498567e-03	-1.004764e+00	1.014196e+00	1.014196e+00	-1.014196e+00	-1.014196e+00
1.739001384703442e-01	-9.976131e-01	2.386893e-03	-1.009885e+00	1.013211e+00	1.013211e+00	-1.013211e+00	-1.013211e+00
1.748767009703442e-01	-9.999700e-01	3.000868e-05	-1.011252e+00	1.012223e+00	1.012223e+00	-1.012223e+00	-1.012223e+00
1.758532634703442e-01	-9.985632e-01	1.436786e-03	-1.008859e+00	1.011236e+00	1.011236e+00	-1.011236e+00	-1.011236e+00
1.768298259703442e-01	-9.933981e-01	6.601929e-03	-1.002716e+00	1.010253e+00	1.010253e+00	-1.010253e+00	-1.010253e+00
1.778063884703442e-01	-9.844940e-01	1.550600e-02	-9.928448e-01	1.009277e+00	1.009277e+00	-1.009277e+00	-1.009277e+00
1.787829509703442e-01	-9.718845e-01	2.811548e-02	-9.792833e-01	1.008313e+00	1.008313e+00	-1.008313e+00	-1.008313e+00
1.797595134703442e-01	-9.556171e-01	4.438292e-02	-9.620822e-01	1.007364e+00	1.007364e+00	-1.007364e+00	-1.007364e+00
1.807360759703442e-01	-9.357529e-01	6.424708e-02	-9.413064e-01	1.006434e+00	1.006434e+00	-1.006434e+00	-1.006434e+00
1.817126384703442e-01	-9.123668e-01	8.763321e-02	-9.170339e-01	1.005526e+00	1.005526e+00	-1.005526e+00	-1.005526e+00
1.826892009703442e-01	-8.855467e-01	1.144533e-01	-8.893560e-01	1.004643e+00	1.004643e+00	-1.004643e+00	-1.004643e+00
1.836657634703442e-01	-8.553936e-01	1.446063e-01	-8.583770e-01	1.003788e+00	1.003788e+00	-1.003788e+00	-1.003788e+00
1.846423259703442e-01	-8.220211e-01	1.779789e-01	-8.242133e-01	1.002966e+00	1.002966e+00	-1.002966e+00	-1.002966e+00
1.856188884703442e-01	-7.855546e-01	2.144454e-01	-7.869934e-01	1.002178e+00	1.002178e+00	-1.002178e+00	-1.002178e+00
1.865954509703442e-01	-7.461315e-01	2.538685e-01	-7.468574e-01	1.001428e+00	1.001428e+00	-1.001428e+00	-1.001428e+00
1.875720134703442e-01	-7.039001e-01	2.960999e-01	-7.039564e-01	1.000719e+00	1.000719e+00	-1.000719e+00	-1.000719e+00
1.885485759703442e-01	-6.590194e-01	3.409806e-01	-6.584517e-01	1.000052e+00	1.000052e+00	-1.000052e+00	-1.000052e+00
1.895251384703442e-01	-6.116582e-01	3.883418e-01	-6.105145e-01	9.994318e-01	9.994318e-01	-9.994318e-01	-9.994318e-01
1.914782634703442e-01	-5.102165e-01	4.897835e-01	-5.080729e-01	9.983365e-01	9.983365e-01	-9.983365e-01	-9.983365e-01
1.934313884703442e-01	-4.011006e-01	5.988994e-01	-3.981720e-01	9.974487e-01	9.974487e-01	-9.974487e-01	-9.974487e-01
1.953845134703442e-01	-2.859518e-01	7.140482e-01	-2.824643e-01	9.967815e-01	9.967815e-01	-9.967815e-01	-9.967815e-01
1.973376384703442e-01	-1.665020e-01	8.334979e-01	-1.626898e-01	9.963444e-01	9.963444e-01	-9.963444e-01	-9.963444e-01
1.992907634703442e-01	-4.454790e-02	9.554521e-01	-4.064975e-02	9.961438e-01	9.961438e-01	-9.961438e-01	-9.961438e-01
2.012438884703442e-01	7.807627e-02	1.078076e+00	8.182072e-02	9.961821e-01	9.961821e-01	-9.961821e-01	-9.961821e-01
2.031970134703442e-01	1.995261e-01	1.199526e+00	2.028799e-01	9.964584e-01	9.964584e-01	-9.964584e-01	-9.964584e-01
2.051501384703442e-01	3.179749e-01	1.317975e+00	3.207074e-01	9.969683e-01	9.969683e-01	-9.969683e-01	-9.969683e-01
2.071032634703442e-01	4.316410e-01	1.431641e+00	4.335312e-01	9.977037e-01	9.977037e-01	-9.977037e-01	-9.977037e-01
2.090563884703442e-01	5.388149e-01	1.538815e+00	5.396549e-01	9.986530e-01	9.986530e-01	-9.986530e-01	-9.986530e-01
2.110095134703442e-01	6.378844e-01	1.637884e+00	6.374825e-01	9.998017e-01	9.998017e-01	-9.998017e-01	-9.998017e-01
2.129626384703442e-01	7.273597e-01	1.727360e+00	7.255431e-01	1.001132e+00	1.001132e+00	-1.001132e+00	-1.001132e+00
2.149157634703442e-01	8.058947e-01	1.805895e+00	8.025125e-01	1.002624e+00	1.002624e+00	-1.002624e+00	-1.002624e+00
2.168688884703442e-01	8.723083e-01	1.872308e+00	8.672335e-01	1.004254e+00	1.004254e+00	-1.004254e+00	-1.004254e+00
2.188220134703442e-01	9.256016e-01	1.925602e+00	9.187328e-01	1.005998e+00	1.005998e+00	-1.005998e+00	-1.005998e+00
2.207751384703442e-01	9.649730e-01	1.964973e+00	9.562364e-01	1.007829e+00	1.007829e+00	-1.007829e+00	-1.007829e+00
2.227282634703442e-01	9.898303e-01	1.989830e+00	9.791804e-01	1.009719e+00	1.009719e+00	-1.009719e+00	-1.009719e+00
2.246813884703442e-01	9.997996e-01	1.999800e+00	9.872202e-01	1.011639e+00	1.011639e+00	-1.011639e+00	-1.011639e+00
2.266345134703442e-01	9.947310e-01	1.994731e+00	9.802351e-01	1.013560e+00	1.013560e+00	-1.013560e+00	-1.013560e+00
2.285876384703442e-01	9.747007e-01	1.974701e+00	9.583308e-01	1.015453e+00	1.015453e+00	-1.015453e+00	-1.015453e+00
2.305407634703442e-01	9.400101e-01	1.940010e+00	9.218369e-01	1.017289e+00	1.017289e+00	-1.017289e+00	-1.017289e+00
2.324938884703442e-01	8.911808e-01	1.891181e+00	8.713027e-01	1.019040e+00	1.019040e+00	-1.019040e+00	-1.019040e+00
2.344470134703442e-01	8.289473e-01	1.828947e+00	8.074888e-01	1.020679e+00	1.020679e+00	-1.020679e+00	-1.020679e+00
2.364001384703442e-01	7.542456e-01	1.754246e+00	7.313552e-01	1.022181e+00	1.022181e+00	-1.022181e+00	-1.022181e+00
2.383532634703442e-01	6.681995e-01	1.668200e+00	6.440475e-01	1.023523e+00	1.023523e+00	-1.023523e+00	-1.023523e+00
2.403063884703442e-01	5.721030e-01	1.572103e+00	5.468793e-01	1.024685e+00	1.024685e+00	-1.024685e+00	-1.024685e+00
2.422595134703442e-01	4.674015e-01	1.467402e+00	4.413123e-01	1.025649e+00	1.025649e+00	-1.025649e+00	-1.025649e+00
2.442126384703442e-01	3.556698e-01	1.355670e+00	3.289349e-01	1.026400e+00	1.026400e+00	-1.026400e+00	-1.026400e+00
2.461657634703442e-01	2.385886e-01	1.238589e+00	2.114376e-01	1.026927e+00	1.026927e+00	-1.026927e+00	-1.026927e+00
2.481188884703442e-01	1.179187e-01	1.117919e+00	9.058807e-02	1.027220e+00	1.027220e+00	-1.027220e+00	-1.027220e+00
2.500720134703442e-01	-4.524725e-03	9.954753e-01	-3.179565e-02	1.027275e+00	1.027275e+00	-1.027275e+00	-1.027275e+00
2.520251384703442e-01	-1.269001e-01	8.730999e-01	-1.538724e-01	1.027092e+00	1.027092e+00	-1.027092e+00	-1.027092e+00
2.539782634703442e-01	-2.473668e-01	7.526332e-01	-2.738057e-01	1.026672e+00	1.026672e+00	-1.026672e+00	-1.026672e+00
2.559313884703442e-01	-3.641129e-01	6.358871e-01	-3.897913e-01	1.026021e+00	1.026021e+00	-1.026021e+00	-1.026021e+00
2.578845134703442e-01	-4.753824e-01	5.246176e-01	-5.000843e-01	1.025149e+00	1.025149e+00	-1.025149e+00	-1.025149e+00
2.598376384703442e-01	-5.795016e-01	4.204984e-01	-6.030253e-01	1.024069e+00	1.024069e+00	-1.024069e+00	-1.024069e+00
2.608142009703442e-01	-6.283857e-01	3.716143e-01	-6.512499e-01	1.023456e+00	1.023456e+00	-1.023456e+00	-1.023456e+00
2.617907634703442e-01	-6.749047e-01	3.250953e-01	-6.970658e-01	1.022796e+00	1.022796e+00	-1.022796e+00	-1.022796e+00
2.627673259703442e-01	-7.188835e-01	2.811165e-01	-7.403004e-01	1.022093e+00	1.022093e+00	-1.022093e+00	-1.022093e+00
2.637438884703442e-01	-7.601565e-01	2.398435e-01	-7.807909e-01	1.021350e+00	1.021350e+00	-1.021350e+00	-1.021350e+00
2.647204509703442e-01	-7.985685e-01	2.014315e-01	-8.183849e-01	1.020568e+00	1.020568e+00	-1.020568e+00	-1.020568e+00
2.656970134703442e-01	-8.339749e-01	1.660251e-01	-8.529409e-01	1.019751e+00	1.019751e+00	-1.019751e+00	-1.019751e+00
2.666735759703442e-01	-8.662424e-01	1.337576e-01	-8.843287e-01	1.018901e+00	1.018901e+00	-1.018901e+00	-1.018901e+00
2.676501384703442e-01	-8.952495e-01	1.047505e-01	-9.124302e-01	1.018023e+00	1.018023e+00	-1.018023e+00	-1.018023e+00
2.686267009703442e-01	-9.208872e-01	7.911285e-02	-9.371396e-01	1.017119e+00	1.017119e+00	-1.017119e+00	-1.017119e+00
2.696032634703442e-01	-9.430588e-01	5.694124e-02	-9.583639e-01	1.016192e+00	1.016192e+00	-1.016192e+00	-1.016192e+00
2.705798259703442e-01	-9.616809e-01	3.831909e-02	-9.760230e-01	1.015247e+00	1.015247e+00	-1.015247e+00	-1.015247e+00
2.715563884703442e-01	-9.766835e-01	2.331649e-02	-9.900505e-01	1.014286e+00	1.014286e+00	-1.014286e+00	-1.014286e+00
2.725329509703442e-01	-9.880101e-01	1.198990e-02	-1.000394e+00	1.013313e+00	1.013313e+00	-1.013313e+00	-1.013313e+00
2.735095134703442e-01	-9.956180e-01	4.381960e-03	-1.007013e+00	1.012332e+00	1.012332e+00	-1.012332e+00	-1.012332e+00
2.744860759703442e-01	-9.994787e-01	5.213026e-04	-1.009884e+00	1.011346e+00	1.011346e+00	-1.011346e+00	-1.011346e+00
2.754626384703442e-01	-9.995775e-01	4.224571e-04	-1.008996e+00	1.010359e+00	1.010359e+00	-1.010359e+00	-1.010359e+00
2.764392009703442e-01	-9.959142e-01	4.085796e-03	-1.004352e+00	1.009375e+00	1.009375e+00	-1.009375e+00	-1.009375e+00
2.774157634703442e-01	-9.885024e-01	1.149753e-02	-9.959699e-01	1.008398e+00	1.008398e+00	-1.008398e+00	-1.008398e+00
2.783923259703442e-01	-9.773703e-01	2.262977e-02	-9.838805e-01	1.007430e+00	1.007430e+00	-1.007430e+00	-1.007430e+00
2.793688884703442e-01	-9.625594e-01	3.744060e-02	-9.681295e-01	1.006476e+00	1.006476e+00	-1.006476e+00	-1.006476e+00
2.803454509703442e-01	-9.441257e-01	5.587430e-02	-9.487761e-01	1.005539e+00	1.005539e+00	-1.005539e+00	-1.005539e+00
2.813220134703442e-01	-9.221385e-01	7.786147e-02	-9.258933e-01	1.004622e+00	1.004622e+00	-1.004622e+00	-1.004622e+00
2.822985759703442e-01	-8.966807e-01	1.033194e-01	-8.995670e-01	1.003730e+00	1.003730e+00	-1.003730e+00	-1.003730e+00
2.832751384703442e-01	-8.678479e-01	1.321521e-01	-8.698964e-01	1.002865e+00	1.002865e+00	-1.002865e+00	-1.002865e+00
2.842517009703442e-01	-8.357487e-01	1.642513e-01	-8.369930e-01	1.002031e+00	1.002031e+00	-1.002031e+00	-1.002031e+00
2.852282634703442e-01	-8.005039e-01	1.994961e-01	-8.009807e-01	1.001230e+00	1.001230e+00	-1.001230e+00	-1.001230e+00
2.862048259703442e-01	-7.622463e-01	2.377537e-01	-7.619948e-01	1.000466e+00	1.000466e+00	-1.000466e+00	-1.000466e+00
2.871813884703442e-01	-7.211197e-01	2.788803e-01	-7.201822e-01	9.997411e-01	9.997411e-01	-9.997411e-01	-9.997411e-01
2.881579509703442e-01	-6.772790e-01	3.227210e-01	-6.757002e-01	9.990585e-01	9.990585e-01	-9.990585e-01	-9.990585e-01
2.891345134703442e-01	-6.308891e-01	3.691109e-01	-6.287162e-01	9.984206e-01	9.984206e-01	-9.984206e-01	-9.984206e-01
2.901110759703442e-01	-5.821248e-01	4.178752e-01	-5.794068e-01	9.978298e-01	9.978298e-01	-9.978298e-01	-9.978298e-01
2.920642009703442e-01	-4.782149e-01	5.217851e-01	-4.745625e-01	9.967976e-01	9.967976e-01	-9.967976e-01	-9.967976e-01
2.940173259703442e-01	-3.671122e-01	6.328878e-01	-3.627439e-01	9.959772e-01	9.959772e-01	-9.959772e-01	-9.959772e-01
2.959704509703442e-01	-2.504877e-01	7.495123e-01	-2.456327e-01	9.953806e-01	9.953806e-01	-9.953806e-01	-9.953806e-01
2.979235759703442e-01	-1.300958e-01	8.699042e-01	-1.249898e-01	9.950165e-01	9.950165e-01	-9.950165e-01	-9.950165e-01
2.998767009703442e-01	-7.747029e-03	9.922529e-01	-2.629488e-03	9.948897e-01	9.948897e-01	-9.948897e-01	-9.948897e-01
3.018298259703442e-01	1.147182e-01	1.114718e+00	1.196081e-01	9.950022e-01	9.950022e-01	-9.950022e-01	-9.950022e-01
3.037829509703442e-01	2.354580e-01	1.235458e+00	2.398848e-01	9.953517e-01	9.953517e-01	-9.953517e-01	-9.953517e-01
3.057360759703442e-01	3.526563e-01	1.352656e+00	3.563919e-01	9.959326e-01	9.959326e-01	-9.959326e-01	-9.959326e-01
3.076892009703442e-01	4.645503e-01	1.464550e+00	4.673774e-01	9.967359e-01	9.967359e-01	-9.967359e-01	-9.967359e-01
3.096423259703442e-01	5.694571e-01	1.569457e+00	5.711721e-01	9.977491e-01	9.977491e-01	-9.977491e-01	-9.977491e-01
3.115954509703442e-01	6.657986e-01	1.665799e+00	6.662155e-01	9.989567e-01	9.989567e-01	-9.989567e-01	-9.989567e-01
3.135485759703442e-01	7.521260e-01	1.752126e+00	7.510781e-01	1.000340e+00	1.000340e+00	-1.000340e+00	-1.000340e+00
3.155017009703442e-01	8.271406e-01	1.827141e+00	8.244841e-01	1.001878e+00	1.001878e+00	-1.001878e+00	-1.001878e+00
3.174548259703442e-01	8.897144e-01	1.889714e+00	8.853295e-01	1.003548e+00	1.003548e+00	-1.003548e+00	-1.003548e+00
3.194079509703442e-01	9.389059e-01	1.938906e+00	9.326996e-01	1.005323e+00	1.005323e+00	-1.005323e+00	-1.005323e+00
3.213610759703442e-01	9.739755e-01	1.973975e+00	9.658823e-01	1.007177e+00	1.007177e+00	-1.007177e+00	-1.007177e+00
3.233142009703442e-01	9.943955e-01	1.994395e+00	9.843788e-01	1.009081e+00	1.009081e+00	-1.009081e+00	-1.009081e+00
3.252673259703442e-01	9.998589e-01	1.999859e+00	9.879111e-01	1.011007e+00	1.011007e+00	-1.011007e+00	-1.011007e+00
3.272204509703442e-01	9.902835e-01	1.990284e+00	9.764266e-01	1.012925e+00	1.012925e+00	-1.012925e+00	-1.012925e+00
3.291735759703442e-01	9.658134e-01	1.965813e+00	9.500982e-01	1.014806e+00	1.014806e+00	-1.014806e+00	-1.014806e+00
3.311267009703442e-01	9.268165e-01	1.926816e+00	9.093224e-01	1.016622e+00	1.016622e+00	-1.016622e+00	-1.016622e+00
3.330798259703442e-01	8.738794e-01	1.873879e+00	8.547128e-01	1.018344e+00	1.018344e+00	-1.018344e+00	-1.018344e+00
3.350329509703442e-01	8.077983e-01	1.807798e+00	7.870911e-01	1.019947e+00	1.019947e+00	-1.019947e+00	-1.019947e+00
3.369860759703442e-01	7.295672e-01	1.729567e+00	7.074746e-01	1.021406e+00	1.021406e+00	-1.021406e+00	-1.021406e+00
3.389392009703442e-01	6.403628e-01	1.640363e+00	6.170614e-01	1.022699e+00	1.022699e+00	-1.022699e+00	-1.022699e+00
3.408923259703442e-01	5.415267e-01	1.541527e+00	5.172116e-01	1.023806e+00	1.023806e+00	-1.023806e+00	-1.023806e+00
3.428454509703442e-01	4.345455e-01	1.434546e+00	4.094272e-01	1.024709e+00	1.024709e+00	-1.024709e+00	-1.024709e+00
3.447985759703442e-01	3.210284e-01	1.321028e+00	2.953300e-01	1.025396e+00	1.025396e+00	-1.025396e+00	-1.025396e+00
3.467517009703442e-01	2.026826e-01	1.202683e+00	1.766363e-01	1.025856e+00	1.025856e+00	-1.025856e+00	-1.025856e+00
3.487048259703442e-01	8.128840e-02	1.081288e+00	5.513170e-02	1.026080e+00	1.026080e+00	-1.026080e+00	-1.026080e+00
3.506579509703442e-01	-4.132850e-02	9.586715e-01	-6.735589e-02	1.026066e+00	1.026066e+00	-1.026066e+00	-1.026066e+00
3.526110759703442e-01	-1.633238e-01	8.366762e-01	-1.889838e-01	1.025814e+00	1.025814e+00	-1.025814e+00	-1.025814e+00
3.545642009703442e-01	-2.828625e-01	7.171375e-01	-3.079224e-01	1.025326e+00	1.025326e+00	-1.025326e+00	-1.025326e+00
3.565173259703442e-01	-3.981467e-01	6.018533e-01	-4.223823e-01	1.024610e+00	1.024610e+00	-1.024610e+00	-1.024610e+00
3.584704509703442e-01	-5.074425e-01	4.925575e-01	-5.306416e-01	1.023677e+00	1.023677e+00	-1.023677e+00	-1.023677e+00
3.604235759703442e-01	-6.091058e-01	3.908942e-01	-6.310717e-01	1.022539e+00	1.022539e+00	-1.022539e+00	-1.022539e+00
3.614001384703442e-01	-6.565923e-01	3.434077e-01	-6.778734e-01	1.021899e+00	1.021899e+00	-1.021899e+00	-1.021899e+00
3.623767009703442e-01	-7.016076e-01	2.983924e-01	-7.221618e-01	1.021214e+00	1.021214e+00	-1.021214e+00	-1.021214e+00
3.633532634703442e-01	-7.439821e-01	2.560178e-01	-7.637699e-01	1.020488e+00	1.020488e+00	-1.020488e+00	-1.020488e+00
3.643298259703442e-01	-7.835566e-01	2.164434e-01	-8.025413e-01	1.019722e+00	1.019722e+00	-1.019722e+00	-1.019722e+00
3.653063884703442e-01	-8.201818e-01	1.798182e-01	-8.383299e-01	1.018920e+00	1.018920e+00	-1.018920e+00	-1.018920e+00
3.662829509703442e-01	-8.537201e-01	1.462799e-01	-8.710009e-01	1.018084e+00	1.018084e+00	-1.018084e+00	-1.018084e+00
3.672595134703442e-01	-8.840452e-01	1.159548e-01	-9.004315e-01	1.017218e+00	1.017218e+00	-1.017218e+00	-1.017218e+00
3.682360759703442e-01	-9.110429e-01	8.895709e-02	-9.265108e-01	1.016325e+00	1.016325e+00	-1.016325e+00	-1.016325e+00
3.692126384703442e-01	-9.346117e-01	6.538833e-02	-9.491405e-01	1.015408e+00	1.015408e+00	-1.015408e+00	-1.015408e+00
3.701892009703442e-01	-9.546628e-01	4.533723e-02	-9.682356e-01	1.014471e+00	1.014471e+00	-1.014471e+00	-1.014471e+00
3.711657634703442e-01	-9.711207e-01	2.887926e-02	-9.837240e-01	1.013517e+00	1.013517e+00	-1.013517e+00	-1.013517e+00
3.721423259703442e-01	-9.839236e-01	1.607637e-02	-9.955474e-01	1.012550e+00	1.012550e+00	-1.012550e+00	-1.012550e+00
3.731188884703442e-01	-9.930233e-01	6.976751e-03	-1.003661e+00	1.011572e+00	1.011572e+00	-1.011572e+00	-1.011572e+00
3.740954509703442e-01	-9.983854e-01	1.614645e-03	-1.008035e+00	1.010589e+00	1.010589e+00	-1.010589e+00	-1.010589e+00
3.750720134703442e-01	-9.999897e-01	1.023662e-05	-1.008652e+00	1.009604e+00	1.009604e+00	-1.009604e+00	-1.009604e+00
3.760485759703442e-01	-9.978305e-01	2.169564e-03	-1.005511e+00	1.008619e+00	1.008619e+00	-1.008619e+00	-1.008619e+00
3.770251384703442e-01	-9.919155e-01	8.084499e-03	-9.986216e-01	1.007639e+00	1.007639e+00	-1.007639e+00	-1.007639e+00
3.780017009703442e-01	-9.822672e-01	1.773278e-02	-9.880114e-01	1.006668e+00	1.006668e+00	-1.006668e+00	-1.006668e+00
3.789782634703442e-01	-9.689219e-01	3.107809e-02	-9.737198e-01	1.005710e+00	1.005710e+00	-1.005710e+00	-1.005710e+00
3.799548259703442e-01	-9.519298e-01	4.807021e-02	-9.558005e-01	1.004766e+00	1.004766e+00	-1.004766e+00	-1.004766e+00
3.809313884703442e-01	-9.313548e-01	6.864518e-02	-9.343210e-01	1.003843e+00	1.003843e+00	-1.003843e+00	-1.003843e+00
3.819079509703442e-01	-9.072744e-01	9.272555e-02	-9.093621e-01	1.002941e+00	1.002941e+00	-1.002941e+00	-1.002941e+00
3.828845134703442e-01	-8.797793e-01	1.202207e-01	-8.810176e-01	1.002066e+00	1.002066e+00	-1.002066e+00	-1.002066e+00
3.838610759703442e-01	-8.489729e-01	1.510271e-01	-8.493943e-01	1.001220e+00	1.001220e+00	-1.001220e+00	-1.001220e+00
3.848376384703442e-01	-8.149711e-01	1.850289e-01	-8.146110e-01	1.000407e+00	1.000407e+00	-1.000407e+00	-1.000407e+00
3.858142009703442e-01	-7.779019e-01	2.220981e-01	-7.767987e-01	9.996287e-01	9.996287e-01	-9.996287e-01	-9.996287e-01
3.867907634703442e-01	-7.379049e-01	2.620951e-01	-7.360996e-01	9.988890e-01	9.988890e-01	-9.988890e-01	-9.988890e-01
3.877673259703442e-01	-6.951306e-01	3.048694e-01	-6.926669e-01	9.981904e-01	9.981904e-01	-9.981904e-01	-9.981904e-01
3.887438884703442e-01	-6.497400e-01	3.502600e-01	-6.466641e-01	9.975355e-01	9.975355e-01	-9.975355e-01	-9.975355e-01
3.897204509703442e-01	-6.019039e-01	3.980961e-01	-5.982642e-01	9.969266e-01	9.969266e-01	-9.969266e-01	-9.969266e-01
3.916735759703442e-01	-4.996240e-01	5.003760e-01	-4.950099e-01	9.958560e-01	9.958560e-01	-9.958560e-01	-9.958560e-01
3.936267009703442e-01	-3.898293e-01	6.101707e-01	-3.844569e-01	9.949945e-01	9.949945e-01	-9.949945e-01	-9.949945e-01
3.955798259703442e-01	-2.741711e-01	7.258288e-01	-2.682677e-01	9.943545e-01	9.943545e-01	-9.943545e-01	-9.943545e-01
3.975329509703442e-01	-1.543892e-01	8.456107e-01	-1.481895e-01	9.939455e-01	9.939455e-01	-9.939455e-01	-9.939455e-01
3.994860759703442e-01	-3.228519e-02	9.677148e-01	-2.602808e-02	9.937733e-01	9.937733e-01	-9.937733e-01	-9.937733e-01
4.014392009703442e-01	9.030447e-02	1.090304e+00	9.637939e-02	9.938401e-01	9.938401e-01	-9.938401e-01	-9.938401e-01
4.033923259703442e-01	2.115359e-01	1.211536e+00	2.171921e-01	9.941447e-01	9.941447e-01	-9.941447e-01	-9.941447e-01
4.053454509703442e-01	3.295856e-01	1.329586e+00	3.345933e-01	9.946821e-01	9.946821e-01	-9.946821e-01	-9.946821e-01
4.072985759703442e-01	4.426780e-01	1.442678e+00	4.468175e-01	9.954441e-01	9.954441e-01	-9.954441e-01	-9.954441e-01
4.092517009703442e-01	5.491121e-01	1.549112e+00	5.521769e-01	9.964186e-01	9.964186e-01	-9.964186e-01	-9.964186e-01
4.112048259703442e-01	6.472871e-01	1.647287e+00	6.490872e-01	9.975909e-01	9.975909e-01	-9.975909e-01	-9.975909e-01
4.131579509703442e-01	7.357263e-01	1.735726e+00	7.360911e-01	9.989429e-01	9.989429e-01	-9.989429e-01	-9.989429e-01
4.151110759703442e-01	8.130995e-01	1.813100e+00	8.118803e-01	1.000454e+00	1.000454e+00	-1.000454e+00	-1.000454e+00
4.170642009703442e-01	8.782429e-01	1.878243e+00	8.753151e-01	1.002101e+00	1.002101e+00	-1.002101e+00	-1.002101e+00
4.190173259703442e-01	9.301767e-01	1.930177e+00	9.254417e-01	1.003860e+00	1.003860e+00	-1.003860e+00	-1.003860e+00
4.209704509703442e-01	9.681197e-01	1.968120e+00	9.615067e-01	1.005702e+00	1.005702e+00	-1.005702e+00	-1.005702e+00
4.229235759703442e-01	9.915015e-01	1.991501e+00	9.829676e-01	1.007601e+00	1.007601e+00	-1.007601e+00	-1.007601e+00
4.248767009703442e-01	9.999700e-01	1.999970e+00	9.895021e-01	1.009527e+00	1.009527e+00	-1.009527e+00	-1.009527e+00
4.268298259703442e-01	9.933981e-01	1.993398e+00	9.810121e-01	1.011451e+00	1.011451e+00	-1.011451e+00	-1.011451e+00
4.287829509703442e-01	9.718845e-01	1.971884e+00	9.576258e-01	1.013344e+00	1.013344e+00	-1.013344e+00	-1.013344e+00
4.307360759703442e-01	9.357529e-01	1.935753e+00	9.196951e-01	1.015177e+00	1.015177e+00	-1.015177e+00	-1.015177e+00
4.326892009703442e-01	8.855467e-01	1.885547e+00	8.677909e-01	1.016923e+00	1.016923e+00	-1.016923e+00	-1.016923e+00
4.346423259703442e-01	8.220211e-01	1.822021e+00	8.026941e-01	1.018553e+00	1.018553e+00	-1.018553e+00	-1.018553e+00
4.365954509703442e-01	7.461315e-01	1.746131e+00	7.253842e-01	1.020045e+00	1.020045e+00	-1.020045e+00	-1.020045e+00
4.385485759703442e-01	6.590194e-01	1.659019e+00	6.370243e-01	1.021375e+00	1.021375e+00	-1.021375e+00	-1.021375e+00
4.405017009703442e-01	5.619950e-01	1.561995e+00	5.389437e-01	1.022522e+00	1.022522e+00	-1.022522e+00	-1.022522e+00
4.424548259703442e-01	4.565177e-01	1.456518e+00	4.326180e-01	1.023470e+00	1.023470e+00	-1.023470e+00	-1.023470e+00
4.444079509703442e-01	3.441739e-01	1.344174e+00	3.196466e-01	1.024204e+00	1.024204e+00	-1.024204e+00	-1.024204e+00
4.463610759703442e-01	2.266535e-01	1.226653e+00	2.017290e-01	1.024711e+00	1.024711e+00	-1.024711e+00	-1.024711e+00
4.483142009703442e-01	1.057239e-01	1.105724e+00	8.063927e-02	1.024985e+00	1.024985e+00	-1.024985e+00	-1.024985e+00
4.512438884703442e-01	-7.807627e-02	9.219237e-01	-1.029523e-01	1.024949e+00	1.024949e+00	-1.024949e+00	-1.024949e+00
4.531970134703442e-01	-1.995261e-01	8.004739e-01	-2.239663e-01	1.024628e+00	1.024628e+00	-1.024628e+00	-1.024628e+00
4.551501384703442e-01	-3.179749e-01	6.820251e-01	-3.417487e-01	1.024073e+00	1.024073e+00	-1.024073e+00	-1.024073e+00
4.571032634703442e-01	-4.316410e-01	5.683590e-01	-4.545275e-01	1.023293e+00	1.023293e+00	-1.023293e+00	-1.023293e+00
4.590563884703442e-01	-5.388149e-01	4.611851e-01	-5.606062e-01	1.022298e+00	1.022298e+00	-1.022298e+00	-1.022298e+00
4.600329509703442e-01	-5.894589e-01	4.105411e-01	-6.106298e-01	1.021726e+00	1.021726e+00	-1.021726e+00	-1.021726e+00
4.610095134703442e-01	-6.378844e-01	3.621156e-01	-6.583891e-01	1.021105e+00	1.021105e+00	-1.021105e+00	-1.021105e+00
4.619860759703442e-01	-6.839091e-01	3.160909e-01	-7.037044e-01	1.020439e+00	1.020439e+00	-1.020439e+00	-1.020439e+00
4.629626384703442e-01	-7.273597e-01	2.726403e-01	-7.464049e-01	1.019730e+00	1.019730e+00	-1.019730e+00	-1.019730e+00
4.639392009703442e-01	-7.680726e-01	2.319274e-01	-7.863302e-01	1.018980e+00	1.018980e+00	-1.018980e+00	-1.018980e+00
4.649157634703442e-01	-8.058947e-01	1.941053e-01	-8.233297e-01	1.018193e+00	1.018193e+00	-1.018193e+00	-1.018193e+00
4.658923259703442e-01	-8.406836e-01	1.593164e-01	-8.572643e-01	1.017372e+00	1.017372e+00	-1.017372e+00	-1.017372e+00
4.668688884703442e-01	-8.723083e-01	1.276917e-01	-8.880061e-01	1.016519e+00	1.016519e+00	-1.016519e+00	-1.016519e+00
4.678454509703442e-01	-9.006499e-01	9.935012e-02	-9.154394e-01	1.015637e+00	1.015637e+00	-1.015637e+00	-1.015637e+00
4.688220134703442e-01	-9.256016e-01	7.439839e-02	-9.394610e-01	1.014730e+00	1.014730e+00	-1.014730e+00	-1.014730e+00
4.697985759703442e-01	-9.470696e-01	5.293041e-02	-9.599802e-01	1.013802e+00	1.013802e+00	-1.013802e+00	-1.013802e+00
4.707751384703442e-01	-9.649730e-01	3.502700e-02	-9.769201e-01	1.012855e+00	1.012855e+00	-1.012855e+00	-1.012855e+00
4.717517009703442e-01	-9.792445e-01	2.075552e-02	-9.902166e-01	1.011894e+00	1.011894e+00	-1.011894e+00	-1.011894e+00
4.727282634703442e-01	-9.898303e-01	1.016970e-02	-9.998198e-01	1.010921e+00	1.010921e+00	-1.010921e+00	-1.010921e+00
4.737048259703442e-01	-9.966906e-01	3.309377e-03	-1.005693e+00	1.009941e+00	1.009941e+00	-1.009941e+00	-1.009941e+00
4.746813884703442e-01	-9.997996e-01	2.003725e-04	-1.007815e+00	1.008957e+00	1.008957e+00	-1.008957e+00	-1.008957e+00
4.756579509703442e-01	-9.991456e-01	8.543876e-04	-1.006178e+00	1.007972e+00	1.007972e+00	-1.007972e+00	-1.007972e+00
4.766345134703442e-01	-9.947310e-01	5.268961e-03	-1.000786e+00	1.006991e+00	1.006991e+00	-1.006991e+00	-1.006991e+00
4.776110759703442e-01	-9.865725e-01	1.342748e-02	-9.916615e-01	1.006017e+00	1.006017e+00	-1.006017e+00	-1.006017e+00
4.785876384703442e-01	-9.747007e-01	2.529923e-02	-9.788378e-01	1.005054e+00	1.005054e+00	-1.005054e+00	-1.005054e+00
4.795642009703442e-01	-9.591604e-01	4.083954e-02	-9.623633e-01	1.004105e+00	1.004105e+00	-1.004105e+00	-1.004105e+00
4.805407634703442e-01	-9.400101e-01	5.998991e-02	-9.423000e-01	1.003174e+00	1.003174e+00	-1.003174e+00	-1.003174e+00
4.815173259703442e-01	-9.173217e-01	8.267827e-02	-9.187233e-01	1.002265e+00	1.002265e+00	-1.002265e+00	-1.002265e+00
4.824938884703442e-01	-8.911808e-01	1.088192e-01	-8.917220e-01	1.001380e+00	1.001380e+00	-1.001380e+00	-1.001380e+00
4.834704509703442e-01	-8.616856e-01	1.383144e-01	-8.613976e-01	1.000523e+00	1.000523e+00	-1.000523e+00	-1.000523e+00
4.844470134703442e-01	-8.289473e-01	1.710527e-01	-8.278642e-01	9.996969e-01	9.996969e-01	-9.996969e-01	-9.996969e-01
4.854235759703442e-01	-7.930890e-01	2.069110e-01	-7.912481e-01	9.989054e-01	9.989054e-01	-9.989054e-01	-9.989054e-01
4.864001384703442e-01	-7.542456e-01	2.457543e-01	-7.516869e-01	9.981510e-01	9.981510e-01	-9.981510e-01	-9.981510e-01
4.873767009703442e-01	-7.125635e-01	2.874365e-01	-7.093297e-01	9.974366e-01	9.974366e-01	-9.974366e-01	-9.974366e-01
4.883532634703442e-01	-6.681995e-01	3.318005e-01	-6.643357e-01	9.967649e-01	9.967649e-01	-9.967649e-01	-9.967649e-01
4.893298259703442e-01	-6.213205e-01	3.786795e-01	-6.168742e-01	9.961383e-01	9.961383e-01	-9.961383e-01	-9.961383e-01
4.912829509703442e-01	-5.207322e-01	4.792678e-01	-5.152720e-01	9.950297e-01	9.950297e-01	-9.950297e-01	-9.950297e-01
4.932360759703442e-01	-4.123116e-01	5.876884e-01	-4.060509e-01	9.941273e-01	9.941273e-01	-9.941273e-01	-9.941273e-01
4.951892009703442e-01	-2.976894e-01	7.023106e-01	-2.908534e-01	9.934441e-01	9.934441e-01	-9.934441e-01	-9.934441e-01
4.971423259703442e-01	-1.785897e-01	8.214102e-01	-1.714120e-01	9.929904e-01	9.929904e-01	-9.929904e-01	-9.929904e-01
4.990954509703442e-01	-5.680390e-02	9.431961e-01	-4.952291e-02	9.927725e-01	9.927725e-01	-9.927725e-01	-9.927725e-01
5.010485759703442e-01	6.583632e-02	1.065836e+00	7.298090e-02	9.927934e-01	9.927934e-01	-9.927934e-01	-9.927934e-01
5.030017009703442e-01	1.874863e-01	1.187486e+00	1.942571e-01	9.930528e-01	9.930528e-01	-9.930528e-01	-9.930528e-01
5.049548259703442e-01	3.063163e-01	1.306316e+00	3.124819e-01	9.935462e-01	9.935462e-01	-9.935462e-01	-9.935462e-01
5.069079509703442e-01	4.205390e-01	1.420539e+00	4.258773e-01	9.942660e-01	9.942660e-01	-9.942660e-01	-9.942660e-01
5.088610759703442e-01	5.284365e-01	1.528436e+00	5.327381e-01	9.952011e-01	9.952011e-01	-9.952011e-01	-9.952011e-01
5.108142009703442e-01	6.283857e-01	1.628386e+00	6.314573e-01	9.963371e-01	9.963371e-01	-9.963371e-01	-9.963371e-01
5.127673259703442e-01	7.188835e-01	1.718884e+00	7.205503e-01	9.976568e-01	9.976568e-01	-9.976568e-01	-9.976568e-01
5.147204509703442e-01	7.985685e-01	1.798568e+00	7.986773e-01	9.991398e-01	9.991398e-01	-9.991398e-01	-9.991398e-01
5.166735759703442e-01	8.662424e-01	1.866242e+00	8.646635e-01	1.000764e+00	1.000764e+00	-1.000764e+00	-1.000764e+00
5.186267009703442e-01	9.208872e-01	1.920887e+00	9.175167e-01	1.002504e+00	1.002504e+00	-1.002504e+00	-1.002504e+00
5.205798259703442e-01	9.616809e-01	1.961681e+00	9.564422e-01	1.004334e+00	1.004334e+00	-1.004334e+00	-1.004334e+00
5.225329509703442e-01	9.880101e-01	1.988010e+00	9.808550e-01	1.006225e+00	1.006225e+00	-1.006225e+00	-1.006225e+00
5.244860759703442e-01	9.994787e-01	1.999479e+00	9.903879e-01	1.008150e+00	1.008150e+00	-1.008150e+00	-1.008150e+00
5.264392009703442e-01	9.959142e-01	1.995914e+00	9.848979e-01	1.010079e+00	1.010079e+00	-1.010079e+00	-1.010079e+00
5.283923259703442e-01	9.773703e-01	1.977370e+00	9.644679e-01	1.011983e+00	1.011983e+00	-1.011983e+00	-1.011983e+00
5.303454509703442e-01	9.441257e-01	1.944126e+00	9.294053e-01	1.013832e+00	1.013832e+00	-1.013832e+00	-1.013832e+00
5.322985759703442e-01	8.966807e-01	1.896681e+00	8.802380e-01	1.015599e+00	1.015599e+00	-1.015599e+00	-1.015599e+00
5.342517009703442e-01	8.357487e-01	1.835749e+00	8.177056e-01	1.017257e+00	1.017257e+00	-1.017257e+00	-1.017257e+00
5.362048259703442e-01	7.622463e-01	1.762246e+00	7.427490e-01	1.018780e+00	1.018780e+00	-1.018780e+00	-1.018780e+00
5.381579509703442e-01	6.772790e-01	1.677279e+00	6.564959e-01	1.020146e+00	1.020146e+00	-1.020146e+00	-1.020146e+00
5.401110759703442e-01	5.821248e-01	1.582125e+00	5.602438e-01	1.021333e+00	1.021333e+00	-1.021333e+00	-1.021333e+00
5.420642009703442e-01	4.782149e-01	1.478215e+00	4.554409e-01	1.022324e+00	1.022324e+00	-1.022324e+00	-1.022324e+00
5.440173259703442e-01	3.671122e-01	1.367112e+00	3.436636e-01	1.023103e+00	1.023103e+00	-1.023103e+00	-1.023103e+00
5.459704509703442e-01	2.504877e-01	1.250488e+00	2.265935e-01	1.023659e+00	1.023659e+00	-1.023659e+00	-1.023659e+00
5.479235759703442e-01	1.300958e-01	1.130096e+00	1.059917e-01	1.023982e+00	1.023982e+00	-1.023982e+00	-1.023982e+00
5.498767009703442e-01	7.747029e-03	1.007747e+00	-1.632757e-02	1.024067e+00	1.024067e+00	-1.024067e+00	-1.024067e+00
5.518298259703442e-01	-1.147182e-01	8.852817e-01	-1.385242e-01	1.023914e+00	1.023914e+00	-1.023914e+00	-1.023914e+00
5.537829509703442e-01	-2.354580e-01	7.645420e-01	-2.587601e-01	1.023524e+00	1.023524e+00	-1.023524e+00	-1.023524e+00
5.557360759703442e-01	-3.526563e-01	6.473437e-01	-3.752264e-01	1.022902e+00	1.022902e+00	-1.022902e+00	-1.022902e+00
5.576892009703442e-01	-4.645503e-01	5.354497e-01	-4.861712e-01	1.022058e+00	1.022058e+00	-1.022058e+00	-1.022058e+00
5.596423259703442e-01	-5.694571e-01	4.305429e-01	-5.899253e-01	1.021004e+00	1.021004e+00	-1.021004e+00	-1.021004e+00
5.606188884703442e-01	-6.187924e-01	3.812076e-01	-6.386133e-01	1.020403e+00	1.020403e+00	-1.020403e+00	-1.020403e+00
5.615954509703442e-01	-6.657986e-01	3.342014e-01	-6.849282e-01	1.019756e+00	1.019756e+00	-1.019756e+00	-1.019756e+00
5.625720134703442e-01	-7.102990e-01	2.897010e-01	-7.286954e-01	1.019065e+00	1.019065e+00	-1.019065e+00	-1.019065e+00
5.635485759703442e-01	-7.521260e-01	2.478740e-01	-7.697504e-01	1.018332e+00	1.018332e+00	-1.018332e+00	-1.018332e+00
5.645251384703442e-01	-7.911221e-01	2.088779e-01	-8.079385e-01	1.017561e+00	1.017561e+00	-1.017561e+00	-1.017561e+00
5.655017009703442e-01	-8.271406e-01	1.728594e-01	-8.431159e-01	1.016754e+00	1.016754e+00	-1.016754e+00	-1.016754e+00
5.664782634703442e-01	-8.600460e-01	1.399540e-01	-8.751503e-01	1.015914e+00	1.015914e+00	-1.015914e+00	-1.015914e+00
5.674548259703442e-01	-8.897144e-01	1.102857e-01	-9.039211e-01	1.015044e+00	1.015044e+00	-1.015044e+00	-1.015044e+00
5.684313884703442e-01	-9.160340e-01	8.396599e-02	-9.293198e-01	1.014148e+00	1.014148e+00	-1.014148e+00	-1.014148e+00
5.694079509703442e-01	-9.389059e-01	6.109409e-02	-9.512510e-01	1.013229e+00	1.013229e+00	-1.013229e+00	-1.013229e+00
5.703845134703442e-01	-9.582440e-01	4.175600e-02	-9.696320e-01	1.012290e+00	1.012290e+00	-1.012290e+00	-1.012290e+00
5.713610759703442e-01	-9.739755e-01	2.602453e-02	-9.843935e-01	1.011335e+00	1.011335e+00	-1.011335e+00	-1.011335e+00
5.723376384703442e-01	-9.860411e-01	1.395889e-02	-9.954801e-01	1.010367e+00	1.010367e+00	-1.010367e+00	-1.010367e+00
5.733142009703442e-01	-9.943955e-01	5.604479e-03	-1.002850e+00	1.009390e+00	1.009390e+00	-1.009390e+00	-1.009390e+00
5.742907634703442e-01	-9.990072e-01	9.927504e-04	-1.006475e+00	1.008408e+00	1.008408e+00	-1.008408e+00	-1.008408e+00
5.752673259703442e-01	-9.998589e-01	1.410593e-04	-1.006342e+00	1.007424e+00	1.007424e+00	-1.007424e+00	-1.007424e+00
5.762438884703442e-01	-9.969474e-01	3.052612e-03	-1.002452e+00	1.006442e+00	1.006442e+00	-1.006442e+00	-1.006442e+00
5.772204509703442e-01	-9.902835e-01	9.716448e-03	-9.948179e-01	1.005466e+00	1.005466e+00	-1.005466e+00	-1.005466e+00
5.781970134703442e-01	-9.798925e-01	2.010749e-02	-9.834697e-01	1.004499e+00	1.004499e+00	-1.004499e+00	-1.004499e+00
5.791735759703442e-01	-9.658134e-01	3.418662e-02	-9.684497e-01	1.003545e+00	1.003545e+00	-1.003545e+00	-1.003545e+00
5.801501384703442e-01	-9.480991e-01	5.190086e-02	-9.498144e-01	1.002607e+00	1.002607e+00	-1.002607e+00	-1.002607e+00
5.811267009703442e-01	-9.268165e-01	7.318353e-02	-9.276341e-01	1.001690e+00	1.001690e+00	-1.001690e+00	-1.001690e+00
5.821032634703442e-01	-9.020455e-01	9.795453e-02	-9.019921e-01	1.000795e+00	1.000795e+00	-1.000795e+00	-1.000795e+00
5.830798259703442e-01	-8.738794e-01	1.261206e-01	-8.729848e-01	9.999278e-01	9.999278e-01	-9.999278e-01	-9.999278e-01
5.840563884703442e-01	-8.424242e-01	1.575758e-01	-8.407215e-01	9.990900e-01	9.990900e-01	-9.990900e-01	-9.990900e-01
5.850329509703442e-01	-8.077983e-01	1.922017e-01	-8.053235e-01	9.982853e-01	9.982853e-01	-9.982853e-01	-9.982853e-01
5.860095134703442e-01	-7.701321e-01	2.298679e-01	-7.669240e-01	9.975166e-01	9.975166e-01	-9.975166e-01	-9.975166e-01
5.869860759703442e-01	-7.295672e-01	2.704328e-01	-7.256676e-01	9.967868e-01	9.967868e-01	-9.967868e-01	-9.967868e-01
5.879626384703442e-01	-6.862565e-01	3.137435e-01	-6.817094e-01	9.960986e-01	9.960986e-01	-9.960986e-01	-9.960986e-01
5.889392009703442e-01	-6.403628e-01	3.596372e-01	-6.352149e-01	9.954547e-01	9.954547e-01	-9.954547e-01	-9.954547e-01
5.899157634703442e-01	-5.920589e-01	4.079411e-01	-5.863590e-01	9.948572e-01	9.948572e-01	-9.948572e-01	-9.948572e-01
5.918688884703442e-01	-4.889562e-01	5.110437e-01	-4.823068e-01	9.938107e-01	9.938107e-01	-9.938107e-01	-9.938107e-01
5.938220134703442e-01	-3.784992e-01	6.215008e-01	-3.711176e-01	9.929746e-01	9.929746e-01	-9.929746e-01	-9.929746e-01
5.957751384703442e-01	-2.623492e-01	7.376508e-01	-2.544635e-01	9.923611e-01	9.923611e-01	-9.923611e-01	-9.923611e-01
5.977282634703442e-01	-1.422532e-01	8.577468e-01	-1.340988e-01	9.919794e-01	9.919794e-01	-9.919794e-01	-9.919794e-01
5.996813884703442e-01	-2.001762e-02	9.799824e-01	-1.183361e-02	9.918348e-01	9.918348e-01	-9.918348e-01	-9.918348e-01
6.016345134703442e-01	1.025191e-01	1.102519e+00	1.104933e-01	9.919293e-01	9.919293e-01	-9.919293e-01	-9.919293e-01
6.035876384703442e-01	2.235138e-01	1.223514e+00	2.310422e-01	9.922613e-01	9.922613e-01	-9.922613e-01	-9.922613e-01
6.055407634703442e-01	3.411466e-01	1.341147e+00	3.480003e-01	9.928254e-01	9.928254e-01	-9.928254e-01	-9.928254e-01
6.074938884703442e-01	4.536483e-01	1.453648e+00	4.596086e-01	9.936128e-01	9.936128e-01	-9.936128e-01	-9.936128e-01
6.094470134703442e-01	5.593267e-01	1.559327e+00	5.641887e-01	9.946117e-01	9.946117e-01	-9.946117e-01	-9.946117e-01
6.114001384703442e-01	6.565923e-01	1.656592e+00	6.601680e-01	9.958065e-01	9.958065e-01	-9.958065e-01	-9.958065e-01
6.133532634703442e-01	7.439821e-01	1.743982e+00	7.461029e-01	9.971792e-01	9.971792e-01	-9.971792e-01	-9.971792e-01
6.153063884703442e-01	8.201818e-01	1.820182e+00	8.207013e-01	9.987088e-01	9.987088e-01	-9.987088e-01	-9.987088e-01
6.172595134703442e-01	8.840452e-01	1.884045e+00	8.828413e-01	1.000372e+00	1.000372e+00	-1.000372e+00	-1.000372e+00
6.192126384703442e-01	9.346117e-01	1.934612e+00	9.315886e-01	1.002144e+00	1.002144e+00	-1.002144e+00	-1.002144e+00
6.211657634703442e-01	9.711207e-01	1.971121e+00	9.662102e-01	1.003997e+00	1.003997e+00	-1.003997e+00	-1.003997e+00
6.231188884703442e-01	9.930233e-01	1.993023e+00	9.861856e-01	1.005903e+00	1.005903e+00	-1.005903e+00	-1.005903e+00
6.250720134703442e-01	9.999897e-01	1.999990e+00	9.912146e-01	1.007834e+00	1.007834e+00	-1.007834e+00	-1.007834e+00
6.270251384703442e-01	9.919155e-01	1.991915e+00	9.812219e-01	1.009760e+00	1.009760e+00	-1.009760e+00	-1.009760e+00
6.289782634703442e-01	9.689219e-01	1.968922e+00	9.563580e-01	1.011652e+00	1.011652e+00	-1.011652e+00	-1.011652e+00
6.309313884703442e-01	9.313548e-01	1.931355e+00	9.169970e-01	1.013481e+00	1.013481e+00	-1.013481e+00	-1.013481e+00
6.328845134703442e-01	8.797793e-01	1.879779e+00	8.637314e-01	1.015220e+00	1.015220e+00	-1.015220e+00	-1.015220e+00
6.348376384703442e-01	8.149711e-01	1.814971e+00	7.973624e-01	1.016842e+00	1.016842e+00	-1.016842e+00	-1.016842e+00
6.367907634703442e-01	7.379049e-01	1.737905e+00	7.188886e-01	1.018322e+00	1.018322e+00	-1.018322e+00	-1.018322e+00
6.387438884703442e-01	6.497400e-01	1.649740e+00	6.294906e-01	1.019638e+00	1.019638e+00	-1.019638e+00	-1.019638e+00
6.406970134703442e-01	5.518024e-01	1.551802e+00	5.305132e-01	1.020770e+00	1.020770e+00	-1.020770e+00	-1.020770e+00
6.426501384703442e-01	4.455651e-01	1.445565e+00	4.234455e-01	1.021701e+00	1.021701e+00	-1.021701e+00	-1.021701e+00
6.446032634703442e-01	3.326262e-01	1.332626e+00	3.098979e-01	1.022415e+00	1.022415e+00	-1.022415e+00	-1.022415e+00
6.465563884703442e-01	2.146842e-01	1.214684e+00	1.915787e-01	1.022903e+00	1.022903e+00	-1.022903e+00	-1.022903e+00
6.485095134703442e-01	9.351320e-02	1.093513e+00	7.026777e-02	1.023157e+00	1.023157e+00	-1.023157e+00	-1.023157e+00
6.514392009703442e-01	-9.030447e-02	9.096955e-01	-1.133108e-01	1.023091e+00	1.023091e+00	-1.023091e+00	-1.023091e+00
6.533923259703442e-01	-2.115359e-01	7.884641e-01	-2.340865e-01	1.022750e+00	1.022750e+00	-1.022750e+00	-1.022750e+00
6.553454509703442e-01	-3.295856e-01	6.704144e-01	-3.514509e-01	1.022175e+00	1.022175e+00	-1.022175e+00	-1.022175e+00
6.572985759703442e-01	-4.426780e-01	5.573220e-01	-4.636382e-01	1.021377e+00	1.021377e+00	-1.021377e+00	-1.021377e+00
6.592517009703442e-01	-5.491121e-01	4.508879e-01	-5.689608e-01	1.020365e+00	1.020365e+00	-1.020365e+00	-1.020365e+00
6.602282634703442e-01	-5.993275e-01	4.006725e-01	-6.185480e-01	1.019785e+00	1.019785e+00	-1.019785e+00	-1.019785e+00
6.612048259703442e-01	-6.472871e-01	3.527129e-01	-6.658344e-01	1.019156e+00	1.019156e+00	-1.019156e+00	-1.019156e+00
6.621813884703442e-01	-6.928105e-01	3.071895e-01	-7.106419e-01	1.018483e+00	1.018483e+00	-1.018483e+00	-1.018483e+00
6.631579509703442e-01	-7.357263e-01	2.642737e-01	-7.528018e-01	1.017768e+00	1.017768e+00	-1.017768e+00	-1.017768e+00
6.641345134703442e-01	-7.758730e-01	2.241270e-01	-7.921553e-01	1.017012e+00	1.017012e+00	-1.017012e+00	-1.017012e+00
6.651110759703442e-01	-8.130995e-01	1.869005e-01	-8.285544e-01	1.016220e+00	1.016220e+00	-1.016220e+00	-1.016220e+00
6.660876384703442e-01	-8.472657e-01	1.527344e-01	-8.618620e-01	1.015394e+00	1.015394e+00	-1.015394e+00	-1.015394e+00
6.670642009703442e-01	-8.782429e-01	1.217571e-01	-8.919528e-01	1.014536e+00	1.014536e+00	-1.014536e+00	-1.014536e+00
6.680407634703442e-01	-9.059146e-01	9.408540e-02	-9.187133e-01	1.013651e+00	1.013651e+00	-1.013651e+00	-1.013651e+00
6.690173259703442e-01	-9.301767e-01	6.982332e-02	-9.420430e-01	1.012742e+00	1.012742e+00	-1.012742e+00	-1.012742e+00
6.699938884703442e-01	-9.509378e-01	4.906221e-02	-9.618540e-01	1.011811e+00	1.011811e+00	-1.011811e+00	-1.011811e+00
6.709704509703442e-01	-9.681197e-01	3.188023e-02	-9.780716e-01	1.010863e+00	1.010863e+00	-1.010863e+00	-1.010863e+00
6.719470134703442e-01	-9.816580e-01	1.834203e-02	-9.906347e-01	1.009900e+00	1.009900e+00	-1.009900e+00	-1.009900e+00
6.729235759703442e-01	-9.915015e-01	8.498567e-03	-9.994962e-01	1.008928e+00	1.008928e+00	-1.008928e+00	-1.008928e+00
6.739001384703442e-01	-9.976131e-01	2.386893e-03	-1.004623e+00	1.007948e+00	1.007948e+00	-1.007948e+00	-1.007948e+00
6.748767009703442e-01	-9.999700e-01	3.000868e-05	-1.005995e+00	1.006965e+00	1.006965e+00	-1.006965e+00	-1.006965e+00
6.758532634703442e-01	-9.985632e-01	1.436786e-03	-1.003607e+00	1.005983e+00	1.005983e+00	-1.005983e+00	-1.005983e+00
6.768298259703442e-01	-9.933981e-01	6.601929e-03	-9.974685e-01	1.005005e+00	1.005005e+00	-1.005005e+00	-1.005005e+00
6.778063884703442e-01	-9.844940e-01	1.550600e-02	-9.876025e-01	1.004035e+00	1.004035e+00	-1.004035e+00	-1.004035e+00
6.787829509703442e-01	-9.718845e-01	2.811548e-02	-9.740461e-01	1.003076e+00	1.003076e+00	-1.003076e+00	-1.003076e+00
6.797595134703442e-01	-9.556171e-01	4.438292e-02	-9.568502e-01	1.002132e+00	1.002132e+00	-1.002132e+00	-1.002132e+00
6.807360759703442e-01	-9.357529e-01	6.424708e-02	-9.360794e-01	1.001207e+00	1.001207e+00	-1.001207e+00	-1.001207e+00
6.817126384703442e-01	-9.123668e-01	8.763321e-02	-9.118121e-01	1.000304e+00	1.000304e+00	-1.000304e+00	-1.000304e+00
6.826892009703442e-01	-8.855467e-01	1.144533e-01	-8.841393e-01	9.994258e-01	9.994258e-01	-9.994258e-01	-9.994258e-01
6.836657634703442e-01	-8.553936e-01	1.446063e-01	-8.531653e-01	9.985766e-01	9.985766e-01	-9.985766e-01	-9.985766e-01
6.846423259703442e-01	-8.220211e-01	1.779789e-01	-8.190067e-01	9.977591e-01	9.977591e-01	-9.977591e-01	-9.977591e-01
6.856188884703442e-01	-7.855546e-01	2.144454e-01	-7.817919e-01	9.969765e-01	9.969765e-01	-9.969765e-01	-9.969765e-01
6.865954509703442e-01	-7.461315e-01	2.538685e-01	-7.416611e-01	9.962316e-01	9.962316e-01	-9.962316e-01	-9.962316e-01
6.875720134703442e-01	-7.039001e-01	2.960999e-01	-6.987651e-01	9.955273e-01	9.955273e-01	-9.955273e-01	-9.955273e-01
6.885485759703442e-01	-6.590194e-01	3.409806e-01	-6.532655e-01	9.948662e-01	9.948662e-01	-9.948662e-01	-9.948662e-01
6.895251384703442e-01	-6.116582e-01	3.883418e-01	-6.053334e-01	9.942507e-01	9.942507e-01	-9.942507e-01	-9.942507e-01
6.914782634703442e-01	-5.102165e-01	4.897835e-01	-5.029019e-01	9.931654e-01	9.931654e-01	-9.931654e-01	-9.931654e-01
6.934313884703442e-01	-4.011006e-01	5.988994e-01	-3.930110e-01	9.922878e-01	9.922878e-01	-9.922878e-01	-9.922878e-01
6.953845134703442e-01	-2.859518e-01	7.140482e-01	-2.773134e-01	9.916307e-01	9.916307e-01	-9.916307e-01	-9.916307e-01
6.973376384703442e-01	-1.665020e-01	8.334979e-01	-1.575490e-01	9.912037e-01	9.912037e-01	-9.912037e-01	-9.912037e-01
6.992907634703442e-01	-4.454790e-02	9.554521e-01	-3.551899e-02	9.910130e-01	9.910130e-01	-9.910130e-01	-9.910130e-01
7.012438884703442e-01	7.807627e-02	1.078076e+00	8.694146e-02	9.910613e-01	9.910613e-01	-9.910613e-01	-9.910613e-01
7.031970134703442e-01	1.995261e-01	1.199526e+00	2.079906e-01	9.913477e-01	9.913477e-01	-9.913477e-01	-9.913477e-01
7.051501384703442e-01	3.179749e-01	1.317975e+00	3.258081e-01	9.918676e-01	9.918676e-01	-9.918676e-01	-9.918676e-01
7.071032634703442e-01	4.316410e-01	1.431641e+00	4.386220e-01	9.926128e-01	9.926128e-01	-9.926128e-01	-9.926128e-01
7.090563884703442e-01	5.388149e-01	1.538815e+00	5.447357e-01	9.935721e-01	9.935721e-01	-9.935721e-01	-9.935721e-01
7.110095134703442e-01	6.378844e-01	1.637884e+00	6.425534e-01	9.947308e-01	9.947308e-01	-9.947308e-01	-9.947308e-01
7.129626384703442e-01	7.273597e-01	1.727360e+00	7.306042e-01	9.960711e-01	9.960711e-01	-9.960711e-01	-9.960711e-01
7.149157634703442e-01	8.058947e-01	1.805895e+00	8.075637e-01	9.975727e-01	9.975727e-01	-9.975727e-01	-9.975727e-01
7.168688884703442e-01	8.723083e-01	1.872308e+00	8.722748e-01	9.992127e-01	9.992127e-01	-9.992127e-01	-9.992127e-01
7.188220134703442e-01	9.256016e-01	1.925602e+00	9.237642e-01	1.000966e+00	1.000966e+00	-1.000966e+00	-1.000966e+00
7.207751384703442e-01	9.649730e-01	1.964973e+00	9.612579e-01	1.002807e+00	1.002807e+00	-1.002807e+00	-1.002807e+00
7.227282634703442e-01	9.898303e-01	1.989830e+00	9.841921e-01	1.004707e+00	1.004707e+00	-1.004707e+00	-1.004707e+00
7.246813884703442e-01	9.997996e-01	1.999800e+00	9.922222e-01	1.006637e+00	1.006637e+00	-1.006637e+00	-1.006637e+00
7.266345134703442e-01	9.947310e-01	1.994731e+00	9.852273e-01	1.008568e+00	1.008568e+00	-1.008568e+00	-1.008568e+00
7.285876384703442e-01	9.747007e-01	1.974701e+00	9.633133e-01	1.010470e+00	1.010470e+00	-1.010470e+00	-1.010470e+00
7.305407634703442e-01	9.400101e-01	1.940010e+00	9.268096e-01	1.012316e+00	1.012316e+00	-1.012316e+00	-1.012316e+00
7.324938884703442e-01	8.911808e-01	1.891181e+00	8.762658e-01	1.014076e+00	1.014076e+00	-1.014076e+00	-1.014076e+00
7.344470134703442e-01	8.289473e-01	1.828947e+00	8.124421e-01	1.015725e+00	1.015725e+00	-1.015725e+00	-1.015725e+00
7.364001384703442e-01	7.542456e-01	1.754246e+00	7.362989e-01	1.017237e+00	1.017237e+00	-1.017237e+00	-1.017237e+00
7.383532634703442e-01	6.681995e-01	1.668200e+00	6.489815e-01	1.018589e+00	1.018589e+00	-1.018589e+00	-1.018589e+00
7.403063884703442e-01	5.721030e-01	1.572103e+00	5.518036e-01	1.019761e+00	1.019761e+00	-1.019761e+00	-1.019761e+00
7.422595134703442e-01	4.674015e-01	1.467402e+00	4.462271e-01	1.020735e+00	1.020735e+00	-1.020735e+00	-1.020735e+00
7.442126384703442e-01	3.556698e-01	1.355670e+00	3.338401e-01	1.021495e+00	1.021495e+00	-1.021495e+00	-1.021495e+00
7.461657634703442e-01	2.385886e-01	1.238589e+00	2.163332e-01	1.022031e+00	1.022031e+00	-1.022031e+00	-1.022031e+00
7.481188884703442e-01	1.179187e-01	1.117919e+00	9.547409e-02	1.022334e+00	1.022334e+00	-1.022334e+00	-1.022334e+00
7.500720134703442e-01	-4.524725e-03	9.954753e-01	-2.691917e-02	1.022399e+00	1.022399e+00	-1.022399e+00	-1.022399e+00
7.520251384703442e-01	-1.269001e-01	8.730999e-01	-1.490055e-01	1.022225e+00	1.022225e+00	-1.022225e+00	-1.022225e+00
7.539782634703442e-01	-2.473668e-01	7.526332e-01	-2.689483e-01	1.021814e+00	1.021814e+00	-1.021814e+00	-1.021814e+00
7.559313884703442e-01	-3.641129e-01	6.358871e-01	-3.849434e-01	1.021173e+00	1.021173e+00	-1.021173e+00	-1.021173e+00
7.578845134703442e-01	-4.753824e-01	5.246176e-01	-4.952458e-01	1.020311e+00	1.020311e+00	-1.020311e+00	-1.020311e+00
7.598376384703442e-01	-5.795016e-01	4.204984e-01	-5.981963e-01	1.019240e+00	1.019240e+00	-1.019240e+00	-1.019240e+00
7.608142009703442e-01	-6.283857e-01	3.716143e-01	-6.464256e-01	1.018631e+00	1.018631e+00	-1.018631e+00	-1.018631e+00
7.617907634703442e-01	-6.749047e-01	3.250953e-01	-6.922462e-01	1.017977e+00	1.017977e+00	-1.017977e+00	-1.017977e+00
7.627673259703442e-01	-7.188835e-01	2.811165e-01	-7.354855e-01	1.017278e+00	1.017278e+00	-1.017278e+00	-1.017278e+00
7.637438884703442e-01	-7.601565e-01	2.398435e-01	-7.759807e-01	1.016539e+00	1.016539e+00	-1.016539e+00	-1.016539e+00
7.647204509703442e-01	-7.985685e-01	2.014315e-01	-8.135794e-01	1.015762e+00	1.015762e+00	-1.015762e+00	-1.015762e+00
7.656970134703442e-01	-8.339749e-01	1.660251e-01	-8.481401e-01	1.014950e+00	1.014950e+00	-1.014950e+00	-1.014950e+00
7.666735759703442e-01	-8.662424e-01	1.337576e-01	-8.795326e-01	1.014105e+00	1.014105e+00	-1.014105e+00	-1.014105e+00
7.676501384703442e-01	-8.952495e-01	1.047505e-01	-9.076388e-01	1.013232e+00	1.013232e+00	-1.013232e+00	-1.013232e+00
7.686267009703442e-01	-9.208872e-01	7.911285e-02	-9.323529e-01	1.012332e+00	1.012332e+00	-1.012332e+00	-1.012332e+00
7.696032634703442e-01	-9.430588e-01	5.694124e-02	-9.535818e-01	1.011410e+00	1.011410e+00	-1.011410e+00	-1.011410e+00
7.705798259703442e-01	-9.616809e-01	3.831909e-02	-9.712456e-01	1.010470e+00	1.010470e+00	-1.010470e+00	-1.010470e+00
7.715563884703442e-01	-9.766835e-01	2.331649e-02	-9.852778e-01	1.009513e+00	1.009513e+00	-1.009513e+00	-1.009513e+00
7.725329509703442e-01	-9.880101e-01	1.198990e-02	-9.956254e-01	1.008545e+00	1.008545e+00	-1.008545e+00	-1.008545e+00
7.735095134703442e-01	-9.956180e-01	4.381960e-03	-1.002250e+00	1.007568e+00	1.007568e+00	-1.007568e+00	-1.007568e+00
7.744860759703442e-01	-9.994787e-01	5.213026e-04	-1.005126e+00	1.006587e+00	1.006587e+00	-1.006587e+00	-1.006587e+00
7.754626384703442e-01	-9.995775e-01	4.224571e-04	-1.004242e+00	1.005605e+00	1.005605e+00	-1.005605e+00	-1.005605e+00
7.764392009703442e-01	-9.959142e-01	4.085796e-03	-9.996030e-01	1.004626e+00	1.004626e+00	-1.004626e+00	-1.004626e+00
7.774157634703442e-01	-9.885024e-01	1.149753e-02	-9.912251e-01	1.003653e+00	1.003653e+00	-1.003653e+00	-1.003653e+00
7.783923259703442e-01	-9.773703e-01	2.262977e-02	-9.791403e-01	1.002690e+00	1.002690e+00	-1.002690e+00	-1.002690e+00
7.793688884703442e-01	-9.625594e-01	3.744060e-02	-9.633939e-01	1.001740e+00	1.001740e+00	-1.001740e+00	-1.001740e+00
7.803454509703442e-01	-9.441257e-01	5.587430e-02	-9.440452e-01	1.000808e+00	1.000808e+00	-1.000808e+00	-1.000808e+00
7.813220134703442e-01	-9.221385e-01	7.786147e-02	-9.211670e-01	9.998962e-01	9.998962e-01	-9.998962e-01	-9.998962e-01
7.822985759703442e-01	-8.966807e-01	1.033194e-01	-8.948454e-01	9.990085e-01	9.990085e-01	-9.990085e-01	-9.990085e-01
7.832751384703442e-01	-8.678479e-01	1.321521e-01	-8.651793e-01	9.981481e-01	9.981481e-01	-9.981481e-01	-9.981481e-01
7.842517009703442e-01	-8.357487e-01	1.642513e-01	-8.322805e-01	9.973183e-01	9.973183e-01	-9.973183e-01	-9.973183e-01
7.852282634703442e-01	-8.005039e-01	1.994961e-01	-7.962728e-01	9.965221e-01	9.965221e-01	-9.965221e-01	-9.965221e-01
7.862048259703442e-01	-7.622463e-01	2.377537e-01	-7.572916e-01	9.957626e-01	9.957626e-01	-9.957626e-01	-9.957626e-01
7.871813884703442e-01	-7.211197e-01	2.788803e-01	-7.154836e-01	9.950424e-01	9.950424e-01	-9.950424e-01	-9.950424e-01
7.881579509703442e-01	-6.772790e-01	3.227210e-01	-6.710062e-01	9.943645e-01	9.943645e-01	-9.943645e-01	-9.943645e-01
7.891345134703442e-01	-6.308891e-01	3.691109e-01	-6.240267e-01	9.937311e-01	9.937311e-01	-9.937311e-01	-9.937311e-01
7.901110759703442e-01	-5.821248e-01	4.178752e-01	-5.747219e-01	9.931449e-01	9.931449e-01	-9.931449e-01	-9.931449e-01
7.920642009703442e-01	-4.782149e-01	5.217851e-01	-4.698867e-01	9.921218e-01	9.921218e-01	-9.921218e-01	-9.921218e-01
7.940173259703442e-01	-3.671122e-01	6.328878e-01	-3.580773e-01	9.913106e-01	9.913106e-01	-9.913106e-01	-9.913106e-01
7.959704509703442e-01	-2.504877e-01	7.495123e-01	-2.409752e-01	9.907231e-01	9.907231e-01	-9.907231e-01	-9.907231e-01
7.979235759703442e-01	-1.300958e-01	8.699042e-01	-1.203414e-01	9.903680e-01	9.903680e-01	-9.903680e-01	-9.903680e-01
7.998767009703442e-01	-7.747029e-03	9.922529e-01	2.009836e-03	9.902504e-01	9.902504e-01	-9.902504e-01	-9.902504e-01
8.018298259703442e-01	1.147182e-01	1.114718e+00	1.242384e-01	9.903719e-01	9.903719e-01	-9.903719e-01	-9.903719e-01
8.037829509703442e-01	2.354580e-01	1.235458e+00	2.445060e-01	9.907304e-01	9.907304e-01	-9.907304e-01	-9.907304e-01
8.057360759703442e-01	3.526563e-01	1.352656e+00	3.610041e-01	9.913204e-01	9.913204e-01	-9.913204e-01	-9.913204e-01
8.076892009703442e-01	4.645503e-01	1.464550e+00	4.719805e-01	9.921327e-01	9.921327e-01	-9.921327e-01	-9.921327e-01
8.096423259703442e-01	5.694571e-01	1.569457e+00	5.757663e-01	9.931549e-01	9.931549e-01	-9.931549e-01	-9.931549e-01
8.115954509703442e-01	6.657986e-01	1.665799e+00	6.708007e-01	9.943715e-01	9.943715e-01	-9.943715e-01	-9.943715e-01
8.135485759703442e-01	7.521260e-01	1.752126e+00	7.556544e-01	9.957639e-01	9.957639e-01	-9.957639e-01	-9.957639e-01
8.155017009703442e-01	8.271406e-01	1.827141e+00	8.290514e-01	9.973110e-01	9.973110e-01	-9.973110e-01	-9.973110e-01
8.174548259703442e-01	8.897144e-01	1.889714e+00	8.898879e-01	9.989893e-01	9.989893e-01	-9.989893e-01	-9.989893e-01
8.194079509703442e-01	9.389059e-01	1.938906e+00	9.372491e-01	1.000773e+00	1.000773e+00	-1.000773e+00	-1.000773e+00
8.213610759703442e-01	9.739755e-01	1.973975e+00	9.704229e-01	1.002636e+00	1.002636e+00	-1.002636e+00	-1.002636e+00
8.233142009703442e-01	9.943955e-01	1.994395e+00	9.889105e-01	1.004549e+00	1.004549e+00	-1.004549e+00	-1.004549e+00
8.252673259703442e-01	9.998589e-01	1.999859e+00	9.924340e-01	1.006484e+00	1.006484e+00	-1.006484e+00	-1.006484e+00
8.272204509703442e-01	9.902835e-01	1.990284e+00	9.809406e-01	1.008411e+00	1.008411e+00	-1.008411e+00	-1.008411e+00
8.291735759703442e-01	9.658134e-01	1.965813e+00	9.546035e-01	1.010301e+00	1.010301e+00	-1.010301e+00	-1.010301e+00
8.311267009703442e-01	9.268165e-01	1.926816e+00	9.138189e-01	1.012125e+00	1.012125e+00	-1.012125e+00	-1.012125e+00
8.330798259703442e-01	8.738794e-01	1.873879e+00	8.592005e-01	1.013857e+00	1.013857e+00	-1.013857e+00	-1.013857e+00
8.350329509703442e-01	8.077983e-01	1.807798e+00	7.915699e-01	1.015468e+00	1.015468e+00	-1.015468e+00	-1.015468e+00
8.369860759703442e-01	7.295672e-01	1.729567e+00	7.119448e-01	1.016936e+00	1.016936e+00	-1.016936e+00	-1.016936e+00
8.389392009703442e-01	6.403628e-01	1.640363e+00	6.215228e-01	1.018237e+00	1.018237e+00	-1.018237e+00	-1.018237e+00
8.408923259703442e-01	5.415267e-01	1.541527e+00	5.216643e-01	1.019353e+00	1.019353e+00	-1.019353e+00	-1.019353e+00
8.428454509703442e-01	4.345455e-01	1.434546e+00	4.138712e-01	1.020265e+00	1.020265e+00	-1.020265e+00	-1.020265e+00
8.447985759703442e-01	3.210284e-01	1.321028e+00	2.997653e-01	1.020961e+00	1.020961e+00	-1.020961e+00	-1.020961e+00
8.467517009703442e-01	2.026826e-01	1.202683e+00	1.810630e-01	1.021429e+00	1.021429e+00	-1.021429e+00	-1.021429e+00
8.487048259703442e-01	8.128840e-02	1.081288e+00	5.954972e-02	1.021662e+00	1.021662e+00	-1.021662e+00	-1.021662e+00
8.506579509703442e-01	-4.132850e-02	9.586715e-01	-6.294650e-02	1.021657e+00	1.021657e+00	-1.021657e+00	-1.021657e+00
8.526110759703442e-01	-1.633238e-01	8.366762e-01	-1.845830e-01	1.021413e+00	1.021413e+00	-1.021413e+00	-1.021413e+00
8.545642009703442e-01	-2.828625e-01	7.171375e-01	-3.035302e-01	1.020934e+00	1.020934e+00	-1.020934e+00	-1.020934e+00
8.565173259703442e-01	-3.981467e-01	6.018533e-01	-4.179987e-01	1.020227e+00	1.020227e+00	-1.020227e+00	-1.020227e+00
8.584704509703442e-01	-5.074425e-01	4.925575e-01	-5.262666e-01	1.019302e+00	1.019302e+00	-1.019302e+00	-1.019302e+00
8.604235759703442e-01	-6.091058e-01	3.908942e-01	-6.267053e-01	1.018173e+00	1.018173e+00	-1.018173e+00	-1.018173e+00
8.614001384703442e-01	-6.565923e-01	3.434077e-01	-6.735112e-01	1.017537e+00	1.017537e+00	-1.017537e+00	-1.017537e+00
8.623767009703442e-01	-7.016076e-01	2.983924e-01	-7.178038e-01	1.016856e+00	1.016856e+00	-1.016856e+00	-1.016856e+00
8.633532634703442e-01	-7.439821e-01	2.560178e-01	-7.594162e-01	1.016134e+00	1.016134e+00	-1.016134e+00	-1.016134e+00
8.643298259703442e-01	-7.835566e-01	2.164434e-01	-7.981918e-01	1.015373e+00	1.015373e+00	-1.015373e+00	-1.015373e+00
8.653063884703442e-01	-8.201818e-01	1.798182e-01	-8.339847e-01	1.014575e+00	1.014575e+00	-1.014575e+00	-1.014575e+00
8.662829509703442e-01	-8.537201e-01	1.462799e-01	-8.666600e-01	1.013743e+00	1.013743e+00	-1.013743e+00	-1.013743e+00
8.672595134703442e-01	-8.840452e-01	1.159548e-01	-8.960948e-01	1.012882e+00	1.012882e+00	-1.012882e+00	-1.012882e+00
8.682360759703442e-01	-9.110429e-01	8.895709e-02	-9.221783e-01	1.011993e+00	1.011993e+00	-1.011993e+00	-1.011993e+00
8.692126384703442e-01	-9.346117e-01	6.538833e-02	-9.448123e-01	1.011080e+00	1.011080e+00	-1.011080e+00	-1.011080e+00
8.701892009703442e-01	-9.546628e-01	4.533723e-02	-9.639116e-01	1.010147e+00	1.010147e+00	-1.010147e+00	-1.010147e+00
8.711657634703442e-01	-9.711207e-01	2.887926e-02	-9.794042e-01	1.009197e+00	1.009197e+00	-1.009197e+00	-1.009197e+00
8.721423259703442e-01	-9.839236e-01	1.607637e-02	-9.912318e-01	1.008234e+00	1.008234e+00	-1.008234e+00	-1.008234e+00
8.731188884703442e-01	-9.930233e-01	6.976751e-03	-9.993500e-01	1.007261e+00	1.007261e+00	-1.007261e+00	-1.007261e+00
8.740954509703442e-01	-9.983854e-01	1.614645e-03	-1.003728e+00	1.006282e+00	1.006282e+00	-1.006282e+00	-1.006282e+00
8.750720134703442e-01	-9.999897e-01	1.023662e-05	-1.004349e+00	1.005301e+00	1.005301e+00	-1.005301e+00	-1.005301e+00
8.760485759703442e-01	-9.978305e-01	2.169564e-03	-1.001212e+00	1.004320e+00	1.004320e+00	-1.004320e+00	-1.004320e+00
8.770251384703442e-01	-9.919155e-01	8.084499e-03	-9.943271e-01	1.003345e+00	1.003345e+00	-1.003345e+00	-1.003345e+00
8.780017009703442e-01	-9.822672e-01	1.773278e-02	-9.837210e-01	1.002378e+00	1.002378e+00	-1.002378e+00	-1.002378e+00
8.789782634703442e-01	-9.689219e-01	3.107809e-02	-9.694336e-01	1.001423e+00	1.001423e+00	-1.001423e+00	-1.001423e+00
8.799548259703442e-01	-9.519298e-01	4.807021e-02	-9.515185e-01	1.000484e+00	1.000484e+00	-1.000484e+00	-1.000484e+00
8.809313884703442e-01	-9.313548e-01	6.864518e-02	-9.300432e-01	9.995648e-01	9.995648e-01	-9.995648e-01	-9.995648e-01
8.819079509703442e-01	-9.072744e-01	9.272555e-02	-9.050885e-01	9.986677e-01	9.986677e-01	-9.986677e-01	-9.986677e-01
8.828845134703442e-01	-8.797793e-01	1.202207e-01	-8.767482e-01	9.977967e-01	9.977967e-01	-9.977967e-01	-9.977967e-01
8.838610759703442e-01	-8.489729e-01	1.510271e-01	-8.451290e-01	9.969550e-01	9.969550e-01	-9.969550e-01	-9.969550e-01
8.848376384703442e-01	-8.149711e-01	1.850289e-01	-8.103499e-01	9.961457e-01	9.961457e-01	-9.961457e-01	-9.961457e-01
8.858142009703442e-01	-7.779019e-01	2.220981e-01	-7.725418e-01	9.953718e-01	9.953718e-01	-9.953718e-01	-9.953718e-01
8.867907634703442e-01	-7.379049e-01	2.620951e-01	-7.318469e-01	9.946363e-01	9.946363e-01	-9.946363e-01	-9.946363e-01
8.877673259703442e-01	-6.951306e-01	3.048694e-01	-6.884184e-01	9.939418e-01	9.939418e-01	-9.939418e-01	-9.939418e-01
8.887438884703442e-01	-6.497400e-01	3.502600e-01	-6.424196e-01	9.932910e-01	9.932910e-01	-9.932910e-01	-9.932910e-01
8.897204509703442e-01	-6.019039e-01	3.980961e-01	-5.940238e-01	9.926863e-01	9.926863e-01	-9.926863e-01	-9.926863e-01
8.916735759703442e-01	-4.996240e-01	5.003760e-01	-4.907779e-01	9.916240e-01	9.916240e-01	-9.916240e-01	-9.916240e-01
8.936267009703442e-01	-3.898293e-01	6.101707e-01	-3.802332e-01	9.907707e-01	9.907707e-01	-9.907707e-01	-9.907707e-01
8.955798259703442e-01	-2.741711e-01	7.258288e-01	-2.640522e-01	9.901390e-01	9.901390e-01	-9.901390e-01	-9.901390e-01
8.975329509703442e-01	-1.543892e-01	8.456107e-01	-1.439822e-01	9.897382e-01	9.897382e-01	-9.897382e-01	-9.897382e-01
8.994860759703442e-01	-3.228519e-02	9.677148e-01	-2.182902e-02	9.895742e-01	9.895742e-01	-9.895742e-01	-9.895742e-01
9.014392009703442e-01	9.030447e-02	1.090304e+00	1.005702e-01	9.896493e-01	9.896493e-01	-9.896493e-01	-9.896493e-01
9.033923259703442e-01	2.115359e-01	1.211536e+00	2.213748e-01	9.899620e-01	9.899620e-01	-9.899620e-01	-9.899620e-01
9.053454509703442e-01	3.295856e-01	1.329586e+00	3.387678e-01	9.905077e-01	9.905077e-01	-9.905077e-01	-9.905077e-01
9.072985759703442e-01	4.426780e-01	1.442678e+00	4.509838e-01	9.912777e-01	9.912777e-01	-9.912777e-01	-9.912777e-01
9.092517009703442e-01	5.491121e-01	1.549112e+00	5.563351e-01	9.922604e-01	9.922604e-01	-9.922604e-01	-9.922604e-01
9.112048259703442e-01	6.472871e-01	1.647287e+00	6.532373e-01	9.934408e-01	9.934408e-01	-9.934408e-01	-9.934408e-01
9.131579509703442e-01	7.357263e-01	1.735726e+00	7.402331e-01	9.948009e-01	9.948009e-01	-9.948009e-01	-9.948009e-01
9.151110759703442e-01	8.130995e-01	1.813100e+00	8.160142e-01	9.963202e-01	9.963202e-01	-9.963202e-01	-9.963202e-01
9.170642009703442e-01	8.782429e-01	1.878243e+00	8.794409e-01	9.979756e-01	9.979756e-01	-9.979756e-01	-9.979756e-01
9.190173259703442e-01	9.301767e-01	1.930177e+00	9.295595e-01	9.997419e-01	9.997419e-01	-9.997419e-01	-9.997419e-01
9.209704509703442e-01	9.681197e-01	1.968120e+00	9.656164e-01	1.001592e+00	1.001592e+00	-1.001592e+00	-1.001592e+00
9.229235759703442e-01	9.915015e-01	1.991501e+00	9.870692e-01	1.003499e+00	1.003499e+00	-1.003499e+00	-1.003499e+00
9.248767009703442e-01	9.999700e-01	1.999970e+00	9.935957e-01	1.005433e+00	1.005433e+00	-1.005433e+00	-1.005433e+00
9.268298259703442e-01	9.933981e-01	1.993398e+00	9.850978e-01	1.007365e+00	1.007365e+00	-1.007365e+00	-1.007365e+00
9.287829509703442e-01	9.718845e-01	1.971884e+00	9.617035e-01	1.009267e+00	1.009267e+00	-1.009267e+00	-1.009267e+00
9.307360759703442e-01	9.357529e-01	1.935753e+00	9.237648e-01	1.011108e+00	1.011108e+00	-1.011108e+00	-1.011108e+00
9.326892009703442e-01	8.855467e-01	1.885547e+00	8.718526e-01	1.012861e+00	1.012861e+00	-1.012861e+00	-1.012861e+00
9.346423259703442e-01	8.220211e-01	1.822021e+00	8.067480e-01	1.014500e+00	1.014500e+00	-1.014500e+00	-1.014500e+00
9.365954509703442e-01	7.461315e-01	1.746131e+00	7.294302e-01	1.015999e+00	1.015999e+00	-1.015999e+00	-1.015999e+00
9.385485759703442e-01	6.590194e-01	1.659019e+00	6.410624e-01	1.017337e+00	1.017337e+00	-1.017337e+00	-1.017337e+00
9.405017009703442e-01	5.619950e-01	1.561995e+00	5.429739e-01	1.018492e+00	1.018492e+00	-1.018492e+00	-1.018492e+00
9.424548259703442e-01	4.565177e-01	1.456518e+00	4.366402e-01	1.019448e+00	1.019448e+00	-1.019448e+00	-1.019448e+00
9.444079509703442e-01	3.441739e-01	1.344174e+00	3.236610e-01	1.020189e+00	1.020189e+00	-1.020189e+00	-1.020189e+00
9.463610759703442e-01	2.266535e-01	1.226653e+00	2.057356e-01	1.020705e+00	1.020705e+00	-1.020705e+00	-1.020705e+00
9.483142009703442e-01	1.057239e-01	1.105724e+00	8.463803e-02	1.020986e+00	1.020986e+00	-1.020986e+00	-1.020986e+00
9.512438884703442e-01	-7.807627e-02	9.219237e-01	-9.896524e-02	1.020962e+00	1.020962e+00	-1.020962e+00	-1.020962e+00
9.531970134703442e-01	-1.995261e-01	8.004739e-01	-2.199870e-01	1.020649e+00	1.020649e+00	-1.020649e+00	-1.020649e+00
9.551501384703442e-01	-3.179749e-01	6.820251e-01	-3.377772e-01	1.020102e+00	1.020102e+00	-1.020102e+00	-1.020102e+00
9.571032634703442e-01	-4.316410e-01	5.683590e-01	-4.505638e-01	1.019329e+00	1.019329e+00	-1.019329e+00	-1.019329e+00
9.590563884703442e-01	-5.388149e-01	4.611851e-01	-5.566503e-01	1.018342e+00	1.018342e+00	-1.018342e+00	-1.018342e+00
9.600329509703442e-01	-5.894589e-01	4.105411e-01	-6.066777e-01	1.017773e+00	1.017773e+00	-1.017773e+00	-1.017773e+00
9.610095134703442e-01	-6.378844e-01	3.621156e-01	-6.544408e-01	1.017157e+00	1.017157e+00	-1.017157e+00	-1.017157e+00
9.619860759703442e-01	-6.839091e-01	3.160909e-01	-6.997600e-01	1.016494e+00	1.016494e+00	-1.016494e+00	-1.016494e+00
9.629626384703442e-01	-7.273597e-01	2.726403e-01	-7.424644e-01	1.015789e+00	1.015789e+00	-1.015789e+00	-1.015789e+00
9.639392009703442e-01	-7.680726e-01	2.319274e-01	-7.823935e-01	1.015044e+00	1.015044e+00	-1.015044e+00	-1.015044e+00
9.649157634703442e-01	-8.058947e-01	1.941053e-01	-8.193969e-01	1.014261e+00	1.014261e+00	-1.014261e+00	-1.014261e+00
9.658923259703442e-01	-8.406836e-01	1.593164e-01	-8.533353e-01	1.013443e+00	1.013443e+00	-1.013443e+00	-1.013443e+00
9.668688884703442e-01	-8.723083e-01	1.276917e-01	-8.840809e-01	1.012593e+00	1.012593e+00	-1.012593e+00	-1.012593e+00
9.678454509703442e-01	-9.006499e-01	9.935012e-02	-9.115181e-01	1.011716e+00	1.011716e+00	-1.011716e+00	-1.011716e+00
9.688220134703442e-01	-9.256016e-01	7.439839e-02	-9.355435e-01	1.010813e+00	1.010813e+00	-1.010813e+00	-1.010813e+00
9.697985759703442e-01	-9.470696e-01	5.293041e-02	-9.560666e-01	1.009888e+00	1.009888e+00	-1.009888e+00	-1.009888e+00
9.707751384703442e-01	-9.649730e-01	3.502700e-02	-9.730103e-01	1.008945e+00	1.008945e+00	-1.008945e+00	-1.008945e+00
9.717517009703442e-01	-9.792445e-01	2.075552e-02	-9.863106e-01	1.007987e+00	1.007987e+00	-1.007987e+00	-1.007987e+00
9.727282634703442e-01	-9.898303e-01	1.016970e-02	-9.959176e-01	1.007019e+00	1.007019e+00	-1.007019e+00	-1.007019e+00
9.737048259703442e-01	-9.966906e-01	3.309377e-03	-1.001795e+00	1.006042e+00	1.006042e+00	-1.006042e+00	-1.006042e+00
9.746813884703442e-01	-9.997996e-01	2.003725e-04	-1.003921e+00	1.005062e+00	1.005062e+00	-1.005062e+00	-1.005062e+00
9.756579509703442e-01	-9.991456e-01	8.543876e-04	-1.002287e+00	1.004081e+00	1.004081e+00	-1.004081e+00	-1.004081e+00
9.766345134703442e-01	-9.947310e-01	5.268961e-03	-9.968992e-01	1.003104e+00	1.003104e+00	-1.003104e+00	-1.003104e+00
9.776110759703442e-01	-9.865725e-01	1.342748e-02	-9.877784e-01	1.002134e+00	1.002134e+00	-1.002134e+00	-1.002134e+00
9.785876384703442e-01	-9.747007e-01	2.529923e-02	-9.749584e-01	1.001175e+00	1.001175e+00	-1.001175e+00	-1.001175e+00
9.795642009703442e-01	-9.591604e-01	4.083954e-02	-9.584877e-01	1.000230e+00	1.000230e+00	-1.000230e+00	-1.000230e+00
9.805407634703442e-01	-9.400101e-01	5.998991e-02	-9.384282e-01	9.993026e-01	9.993026e-01	-9.993026e-01	-9.993026e-01
9.815173259703442e-01	-9.173217e-01	8.267827e-02	-9.148552e-01	9.983966e-01	9.983966e-01	-9.983966e-01	-9.983966e-01
9.824938884703442e-01	-8.911808e-01	1.088192e-01	-8.878577e-01	9.975154e-01	9.975154e-01	-9.975154e-01	-9.975154e-01
9.834704509703442e-01	-8.616856e-01	1.383144e-01	-8.575371e-01	9.966623e-01	9.966623e-01	-9.966623e-01	-9.966623e-01
9.844470134703442e-01	-8.289473e-01	1.710527e-01	-8.240075e-01	9.958402e-01	9.958402e-01	-9.958402e-01	-9.958402e-01
9.854235759703442e-01	-7.930890e-01	2.069110e-01	-7.873951e-01	9.950524e-01	9.950524e-01	-9.950524e-01	-9.950524e-01
9.864001384703442e-01	-7.542456e-01	2.457543e-01	-7.478378e-01	9.943018e-01	9.943018e-01	-9.943018e-01	-9.943018e-01
9.873767009703442e-01	-7.125635e-01	2.874365e-01	-7.054843e-01	9.935912e-01	9.935912e-01	-9.935912e-01	-9.935912e-01
9.883532634703442e-01	-6.681995e-01	3.318005e-01	-6.604940e-01	9.929233e-01	9.929233e-01	-9.929233e-01	-9.929233e-01
9.893298259703442e-01	-6.213205e-01	3.786795e-01	-6.130363e-01	9.923005e-01	9.923005e-01	-9.923005e-01	-9.923005e-01
9.912829509703442e-01	-5.207322e-01	4.792678e-01	-5.114415e-01	9.911994e-01	9.911994e-01	-9.911994e-01	-9.911994e-01
9.932360759703442e-01	-4.123116e-01	5.876884e-01	-4.022279e-01	9.903044e-01	9.903044e-01	-9.903044e-01	-9.903044e-01
9.951892009703442e-01	-2.976894e-01	7.023106e-01	-2.870380e-01	9.896287e-01	9.896287e-01	-9.896287e-01	-9.896287e-01
9.971423259703442e-01	-1.785897e-01	8.214102e-01	-1.676040e-01	9.891824e-01	9.891824e-01	-9.891824e-01	-9.891824e-01
9.990954509703442e-01	-5.680390e-02	9.431961e-01	-4.572387e-02	9.889708e-01	9.889708e-01	-9.889708e-01	-9.889708e-01
1.000000000000000e+00	-2.449294e-15	1.000000e+00	1.105965e-02	9.889404e-01	9.889404e-01	-9.889404e-01	-9.889404e-01
