time	V(n001)	V(n002)	I(C1)	I(L1)	I(I1)	I(V1)
0.000000000000000e+00	0.000000e+00	0.000000e+00	0.000000e+00	0.000000e+00	1.000000e+00	-1.000000e+00
1.773522717419118e-04	1.114562e-02	-6.428704e-10	1.027255e-06	1.027255e-06	1.000000e+00	-1.000001e+00
3.547045434838237e-04	2.228672e-02	6.889981e-12	4.103865e-06	4.103865e-06	1.000000e+00	-1.000004e+00
5.320568152257355e-04	3.342331e-02	1.949281e-09	9.229831e-06	9.229831e-06	1.000000e+00	-1.000009e+00
7.094090869676473e-04	4.455538e-02	5.184303e-09	1.640515e-05	1.640515e-05	1.000000e+00	-1.000016e+00
8.867613587095591e-04	5.568294e-02	9.711956e-09	2.562983e-05	2.562983e-05	1.000000e+00	-1.000026e+00
1.064113630451471e-03	6.680599e-02	1.553224e-08	3.690386e-05	3.690386e-05	1.000000e+00	-1.000037e+00
1.241465902193382e-03	7.792453e-02	2.264515e-08	5.022725e-05	5.022725e-05	1.000000e+00	-1.000050e+00
1.634045417283858e-03	1.024898e-01	5.162477e-08	8.697742e-05	8.697742e-05	1.000000e+00	-1.000087e+00
2.151113781352066e-03	1.347473e-01	1.177249e-07	1.506167e-04	1.506167e-04	1.000000e+00	-1.000151e+00
2.832113770507271e-03	1.770093e-01	2.684660e-07	2.607304e-04	2.607304e-04	1.000000e+00	-1.000261e+00
3.729892775077526e-03	2.322167e-01	5.998514e-07	4.483701e-04	4.483701e-04	1.000000e+00	-1.000448e+00
4.706455275077526e-03	2.914242e-01	1.167527e-06	7.049942e-04	7.049942e-04	1.000000e+00	-1.000705e+00
5.683017775077526e-03	3.495348e-01	2.008669e-06	1.017665e-03	1.017665e-03	1.000000e+00	-1.001018e+00
6.659580275077526e-03	4.063298e-01	3.182524e-06	1.386389e-03	1.386389e-03	1.000000e+00	-1.001386e+00
7.636142775077526e-03	4.615956e-01	4.743152e-06	1.809777e-03	1.809777e-03	1.000000e+00	-1.001810e+00
8.612705275077525e-03	5.151239e-01	6.743157e-06	2.286234e-03	2.286234e-03	1.000000e+00	-1.002286e+00
9.589267775077525e-03	5.667135e-01	9.233490e-06	2.813968e-03	2.813968e-03	1.000000e+00	-1.002814e+00
1.056583027507753e-02	6.161700e-01	1.226325e-05	3.390990e-03	3.390990e-03	1.000000e+00	-1.003391e+00
1.154239277507753e-02	6.633075e-01	1.587952e-05	4.015130e-03	4.015130e-03	1.000000e+00	-1.004015e+00
1.251895527507753e-02	7.079484e-01	2.012717e-05	4.684037e-03	4.684037e-03	1.000000e+00	-1.004684e+00
1.349551777507753e-02	7.499248e-01	2.504866e-05	5.395193e-03	5.395193e-03	1.000000e+00	-1.005395e+00
1.447208027507753e-02	7.890786e-01	3.068397e-05	6.145919e-03	6.145919e-03	1.000000e+00	-1.006146e+00
1.642520527507753e-02	8.583403e-01	4.424224e-05	7.754642e-03	7.754642e-03	1.000000e+00	-1.007755e+00
1.837833027507753e-02	9.146917e-01	6.106539e-05	9.486000e-03	9.486000e-03	1.000000e+00	-1.009486e+00
2.033145527507753e-02	9.572854e-01	8.136770e-05	1.131395e-02	1.131395e-02	1.000000e+00	-1.011314e+00
2.228458027507753e-02	9.854805e-01	1.053111e-04	1.321097e-02	1.321097e-02	1.000000e+00	-1.013211e+00
2.423770527507753e-02	9.988532e-01	1.330028e-04	1.514854e-02	1.514854e-02	1.000000e+00	-1.015149e+00
2.619083027507753e-02	9.972022e-01	1.644934e-04	1.709750e-02	1.709750e-02	1.000000e+00	-1.017097e+00
2.814395527507753e-02	9.805523e-01	1.997767e-04	1.902851e-02	1.902851e-02	1.000000e+00	-1.019028e+00
3.009708027507753e-02	9.491539e-01	2.387891e-04	2.091252e-02	2.091252e-02	1.000000e+00	-1.020913e+00
3.205020527507753e-02	9.034795e-01	2.814110e-04	2.272118e-02	2.272118e-02	1.000000e+00	-1.022721e+00
3.400333027507753e-02	8.442158e-01	3.274686e-04	2.442728e-02	2.442728e-02	1.000000e+00	-1.024427e+00
3.595645527507753e-02	7.722543e-01	3.767361e-04	2.600513e-02	2.600513e-02	1.000000e+00	-1.026005e+00
3.790958027507753e-02	6.886775e-01	4.289398e-04	2.743098e-02	2.743098e-02	1.000000e+00	-1.027431e+00
3.986270527507753e-02	5.947422e-01	4.837613e-04	2.868338e-02	2.868338e-02	1.000000e+00	-1.028683e+00
4.181583027507753e-02	4.918616e-01	5.408433e-04	2.974346e-02	2.974346e-02	1.000000e+00	-1.029743e+00
4.376895527507753e-02	3.815828e-01	5.997941e-04	3.059526e-02	3.059526e-02	1.000000e+00	-1.030595e+00
4.572208027507753e-02	2.655647e-01	6.601940e-04	3.122595e-02	3.122595e-02	1.000000e+00	-1.031226e+00
4.767520527507753e-02	1.455523e-01	7.216015e-04	3.162602e-02	3.162602e-02	1.000000e+00	-1.031626e+00
4.962833027507753e-02	2.335058e-02	7.835597e-04	3.178943e-02	3.178943e-02	1.000000e+00	-1.031789e+00
5.158145527507753e-02	-9.920233e-02	8.456038e-04	3.171370e-02	3.171370e-02	1.000000e+00	-1.031714e+00
5.353458027507753e-02	-2.202631e-01	9.072670e-04	3.139995e-02	3.139995e-02	1.000000e+00	-1.031400e+00
5.548770527507753e-02	-3.380110e-01	9.680889e-04	3.085287e-02	3.085287e-02	1.000000e+00	-1.030853e+00
5.744083027507753e-02	-4.506748e-01	1.027621e-03	3.008066e-02	3.008066e-02	1.000000e+00	-1.030081e+00
5.939395527507753e-02	-5.565601e-01	1.085435e-03	2.909491e-02	2.909491e-02	1.000000e+00	-1.029095e+00
6.134708027507753e-02	-6.540742e-01	1.141127e-03	2.791042e-02	2.791042e-02	1.000000e+00	-1.027910e+00
6.330020527507753e-02	-7.417504e-01	1.194327e-03	2.654497e-02	2.654497e-02	1.000000e+00	-1.026545e+00
6.525333027507753e-02	-8.182700e-01	1.244701e-03	2.501908e-02	2.501908e-02	1.000000e+00	-1.025019e+00
6.720645527507753e-02	-8.824821e-01	1.291958e-03	2.335566e-02	2.335566e-02	1.000000e+00	-1.023356e+00
6.915958027507753e-02	-9.334208e-01	1.335852e-03	2.157971e-02	2.157971e-02	1.000000e+00	-1.021580e+00
7.111270527507753e-02	-9.703199e-01	1.376190e-03	1.971790e-02	1.971790e-02	1.000000e+00	-1.019718e+00
7.306583027507753e-02	-9.926246e-01	1.412832e-03	1.779820e-02	1.779820e-02	1.000000e+00	-1.017798e+00
7.501895527507753e-02	-9.999993e-01	1.445693e-03	1.584945e-02	1.584945e-02	1.000000e+00	-1.015849e+00
7.697208027507753e-02	-9.923331e-01	1.474745e-03	1.390093e-02	1.390093e-02	1.000000e+00	-1.013901e+00
7.892520527507753e-02	-9.697412e-01	1.500015e-03	1.198191e-02	1.198191e-02	1.000000e+00	-1.011982e+00
8.087833027507753e-02	-9.325635e-01	1.521592e-03	1.012121e-02	1.012121e-02	1.000000e+00	-1.010121e+00
8.283145527507753e-02	-8.813592e-01	1.539615e-03	8.346794e-03	8.346794e-03	1.000000e+00	-1.008347e+00
8.478458027507753e-02	-8.168985e-01	1.554279e-03	6.685302e-03	6.685302e-03	1.000000e+00	-1.006685e+00
8.576114277507753e-02	-7.799925e-01	1.560427e-03	5.904776e-03	5.904776e-03	1.000000e+00	-1.005905e+00
8.673770527507753e-02	-7.401507e-01	1.565830e-03	5.161685e-03	5.161685e-03	1.000000e+00	-1.005162e+00
8.771426777507753e-02	-6.975233e-01	1.570528e-03	4.458820e-03	4.458820e-03	1.000000e+00	-1.004459e+00
8.869083027507753e-02	-6.522706e-01	1.574560e-03	3.798822e-03	3.798822e-03	1.000000e+00	-1.003799e+00
8.966739277507753e-02	-6.045628e-01	1.577969e-03	3.184169e-03	3.184169e-03	1.000000e+00	-1.003184e+00
9.064395527507753e-02	-5.545796e-01	1.580802e-03	2.617168e-03	2.617168e-03	1.000000e+00	-1.002617e+00
9.162051777507753e-02	-5.025091e-01	1.583105e-03	2.099950e-03	2.099950e-03	1.000000e+00	-1.002100e+00
9.259708027507753e-02	-4.485472e-01	1.584929e-03	1.634456e-03	1.634456e-03	1.000000e+00	-1.001634e+00
9.357364277507753e-02	-3.928971e-01	1.586324e-03	1.222431e-03	1.222431e-03	1.000000e+00	-1.001222e+00
9.455020527507753e-02	-3.357683e-01	1.587343e-03	8.654213e-04	8.654213e-04	1.000000e+00	-1.000865e+00
9.552676777507753e-02	-2.773756e-01	1.588041e-03	5.647652e-04	5.647652e-04	1.000000e+00	-1.000565e+00
9.650333027507753e-02	-2.179390e-01	1.588474e-03	3.215884e-04	3.215884e-04	1.000000e+00	-1.000322e+00
9.747989277507753e-02	-1.576822e-01	1.588698e-03	1.368007e-04	1.368007e-04	1.000000e+00	-1.000137e+00
9.845645527507753e-02	-9.683181e-02	1.588770e-03	1.109164e-05	1.109164e-05	1.000000e+00	-1.000011e+00
9.943301777507753e-02	-3.561701e-02	1.588749e-03	-5.507129e-05	-5.507129e-05	1.000000e+00	-9.999449e-01
1.004095802750775e-01	2.573185e-02	1.588692e-03	-6.144492e-05	-6.144492e-05	1.000000e+00	-9.999385e-01
1.013861427750775e-01	8.698385e-02	1.588658e-03	-8.011143e-06	-8.011143e-06	1.000000e+00	-9.999920e-01
1.023627052750775e-01	1.479085e-01	1.588705e-03	1.050230e-04	1.050230e-04	1.000000e+00	-1.000105e+00
1.033392677750775e-01	2.082764e-01	1.588892e-03	2.772260e-04	2.772260e-04	1.000000e+00	-1.000277e+00
1.043158302750775e-01	2.678604e-01	1.589275e-03	5.079437e-04	5.079437e-04	1.000000e+00	-1.000508e+00
1.052923927750775e-01	3.264363e-01	1.589912e-03	7.963016e-04	7.963016e-04	1.000000e+00	-1.000796e+00
1.062689552750775e-01	3.837835e-01	1.590858e-03	1.141208e-03	1.141208e-03	1.000000e+00	-1.001141e+00
1.072455177750775e-01	4.396862e-01	1.592168e-03	1.541359e-03	1.541359e-03	1.000000e+00	-1.001541e+00
1.082220802750775e-01	4.939341e-01	1.593895e-03	1.995242e-03	1.995242e-03	1.000000e+00	-1.001995e+00
1.091986427750775e-01	5.463229e-01	1.596090e-03	2.501142e-03	2.501142e-03	1.000000e+00	-1.002501e+00
1.101752052750775e-01	5.966555e-01	1.598804e-03	3.057149e-03	3.057149e-03	1.000000e+00	-1.003057e+00
1.111517677750775e-01	6.447424e-01	1.602085e-03	3.661164e-03	3.661164e-03	1.000000e+00	-1.003661e+00
1.121283302750775e-01	6.904026e-01	1.605978e-03	4.310907e-03	4.310907e-03	1.000000e+00	-1.004311e+00
1.131048927750775e-01	7.334644e-01	1.610526e-03	5.003925e-03	5.003925e-03	1.000000e+00	-1.005004e+00
1.140814552750775e-01	7.737654e-01	1.615771e-03	5.737604e-03	5.737604e-03	1.000000e+00	-1.005738e+00
1.150580177750775e-01	8.111543e-01	1.621751e-03	6.509176e-03	6.509176e-03	1.000000e+00	-1.006509e+00
1.170111427750775e-01	8.766438e-01	1.636055e-03	8.154222e-03	8.154222e-03	1.000000e+00	-1.008154e+00
1.189642677750775e-01	9.289477e-01	1.653687e-03	9.914266e-03	9.914266e-03	1.000000e+00	-1.009914e+00
1.209173927750775e-01	9.672793e-01	1.674847e-03	1.176278e-02	1.176278e-02	1.000000e+00	-1.011763e+00
1.228705177750775e-01	9.910622e-01	1.699680e-03	1.367191e-02	1.367191e-02	1.000000e+00	-1.013672e+00
1.248236427750775e-01	9.999386e-01	1.728276e-03	1.561287e-02	1.561287e-02	1.000000e+00	-1.015613e+00
1.267767677750775e-01	9.937750e-01	1.760670e-03	1.755642e-02	1.755642e-02	1.000000e+00	-1.017556e+00
1.287298927750775e-01	9.726641e-01	1.796836e-03	1.947326e-02	1.947326e-02	1.000000e+00	-1.019473e+00
1.306830177750775e-01	9.369234e-01	1.836696e-03	2.133450e-02	2.133450e-02	1.000000e+00	-1.021335e+00
1.326361427750775e-01	8.870905e-01	1.880113e-03	2.311210e-02	2.311210e-02	1.000000e+00	-1.023112e+00
1.345892677750775e-01	8.239149e-01	1.926897e-03	2.477924e-02	2.477924e-02	1.000000e+00	-1.024779e+00
1.365423927750775e-01	7.483469e-01	1.976808e-03	2.631079e-02	2.631079e-02	1.000000e+00	-1.026311e+00
1.384955177750775e-01	6.615231e-01	2.029557e-03	2.768365e-02	2.768365e-02	1.000000e+00	-1.027684e+00
1.404486427750775e-01	5.647493e-01	2.084815e-03	2.887711e-02	2.887711e-02	1.000000e+00	-1.028877e+00
1.424017677750775e-01	4.594812e-01	2.142214e-03	2.987315e-02	2.987315e-02	1.000000e+00	-1.029873e+00
1.443548927750775e-01	3.473021e-01	2.201352e-03	3.065673e-02	3.065673e-02	1.000000e+00	-1.030657e+00
1.463080177750775e-01	2.298992e-01	2.261802e-03	3.121598e-02	3.121598e-02	1.000000e+00	-1.031216e+00
1.482611427750775e-01	1.090384e-01	2.323119e-03	3.154244e-02	3.154244e-02	1.000000e+00	-1.031542e+00
1.511908302750775e-01	-7.475228e-02	2.415708e-03	3.158571e-02	3.158571e-02	1.000000e+00	-1.031586e+00
1.531439552750775e-01	-1.962583e-01	2.477165e-03	3.131621e-02	3.131621e-02	1.000000e+00	-1.031316e+00
1.550970802750775e-01	-3.148124e-01	2.537865e-03	3.081216e-02	3.081216e-02	1.000000e+00	-1.030812e+00
1.570502052750775e-01	-4.286314e-01	2.597359e-03	3.008106e-02	3.008106e-02	1.000000e+00	-1.030081e+00
1.590033302750775e-01	-5.360035e-01	2.655211e-03	2.913385e-02	2.913385e-02	1.000000e+00	-1.029134e+00
1.609564552750775e-01	-6.353135e-01	2.711015e-03	2.798469e-02	2.798469e-02	1.000000e+00	-1.027985e+00
1.629095802750775e-01	-7.250678e-01	2.764391e-03	2.665079e-02	2.665079e-02	1.000000e+00	-1.026651e+00
1.648627052750775e-01	-8.039165e-01	2.814999e-03	2.515214e-02	2.515214e-02	1.000000e+00	-1.025152e+00
1.668158302750775e-01	-8.706734e-01	2.862537e-03	2.351120e-02	2.351120e-02	1.000000e+00	-1.023511e+00
1.687689552750775e-01	-9.243346e-01	2.906753e-03	2.175258e-02	2.175258e-02	1.000000e+00	-1.021753e+00
1.707220802750775e-01	-9.640930e-01	2.947442e-03	1.990266e-02	1.990266e-02	1.000000e+00	-1.019903e+00
1.726752052750775e-01	-9.893506e-01	2.984451e-03	1.798916e-02	1.798916e-02	1.000000e+00	-1.017989e+00
1.746283302750775e-01	-9.997273e-01	3.017686e-03	1.604081e-02	1.604081e-02	1.000000e+00	-1.016041e+00
1.765814552750775e-01	-9.950673e-01	3.047107e-03	1.408681e-02	1.408681e-02	1.000000e+00	-1.014087e+00
1.785345802750775e-01	-9.754405e-01	3.072730e-03	1.215648e-02	1.215648e-02	1.000000e+00	-1.012156e+00
1.804877052750775e-01	-9.411421e-01	3.094631e-03	1.027877e-02	1.027877e-02	1.000000e+00	-1.010279e+00
1.824408302750775e-01	-8.926882e-01	3.112941e-03	8.481842e-03	8.481842e-03	1.000000e+00	-1.008482e+00
1.843939552750775e-01	-8.308073e-01	3.127842e-03	6.792630e-03	6.792630e-03	1.000000e+00	-1.006793e+00
1.853705177750775e-01	-7.951152e-01	3.134087e-03	5.996406e-03	5.996406e-03	1.000000e+00	-1.005996e+00
1.863470802750775e-01	-7.564304e-01	3.139572e-03	5.236459e-03	5.236459e-03	1.000000e+00	-1.005236e+00
1.873236427750775e-01	-7.148985e-01	3.144334e-03	4.515640e-03	4.515640e-03	1.000000e+00	-1.004516e+00
1.883002052750775e-01	-6.706760e-01	3.148412e-03	3.836649e-03	3.836649e-03	1.000000e+00	-1.003837e+00
1.892767677750775e-01	-6.239292e-01	3.151849e-03	3.202033e-03	3.202033e-03	1.000000e+00	-1.003202e+00
1.902533302750775e-01	-5.748340e-01	3.154689e-03	2.614168e-03	2.614168e-03	1.000000e+00	-1.002614e+00
1.912298927750775e-01	-5.235754e-01	3.156978e-03	2.075256e-03	2.075256e-03	1.000000e+00	-1.002075e+00
1.922064552750775e-01	-4.703460e-01	3.158767e-03	1.587314e-03	1.587314e-03	1.000000e+00	-1.001587e+00
1.931830177750775e-01	-4.153464e-01	3.160105e-03	1.152167e-03	1.152167e-03	1.000000e+00	-1.001152e+00
1.941595802750775e-01	-3.587836e-01	3.161044e-03	7.714418e-04	7.714418e-04	1.000000e+00	-1.000771e+00
1.951361427750775e-01	-3.008704e-01	3.161639e-03	4.465604e-04	4.465604e-04	1.000000e+00	-1.000447e+00
1.961127052750775e-01	-2.418247e-01	3.161944e-03	1.787340e-04	1.787340e-04	1.000000e+00	-1.000179e+00
1.970892677750775e-01	-1.818689e-01	3.162016e-03	-3.104094e-05	-3.104094e-05	1.000000e+00	-9.999689e-01
1.980658302750775e-01	-1.212286e-01	3.161912e-03	-1.819862e-04	-1.819862e-04	1.000000e+00	-9.998180e-01
1.990423927750775e-01	-6.013194e-02	3.161689e-03	-2.735453e-04	-2.735453e-04	1.000000e+00	-9.997264e-01
2.000189552750775e-01	1.190995e-03	3.161407e-03	-3.053852e-04	-3.053852e-04	1.000000e+00	-9.996946e-01
2.009955177750775e-01	6.250945e-02	3.161122e-03	-2.773976e-04	-2.773976e-04	1.000000e+00	-9.997226e-01
2.019720802750775e-01	1.235926e-01	3.160894e-03	-1.896996e-04	-1.896996e-04	1.000000e+00	-9.998103e-01
2.029486427750775e-01	1.842106e-01	3.160781e-03	-4.263312e-05	-4.263312e-05	1.000000e+00	-9.999574e-01
2.039252052750775e-01	2.441353e-01	3.160840e-03	1.632366e-04	1.632366e-04	1.000000e+00	-1.000163e+00
2.049017677750775e-01	3.031411e-01	3.161128e-03	4.271228e-04	4.271228e-04	1.000000e+00	-1.000427e+00
2.058783302750775e-01	3.610060e-01	3.161702e-03	7.480203e-04	7.480203e-04	1.000000e+00	-1.000748e+00
2.068548927750775e-01	4.175121e-01	3.162616e-03	1.124709e-03	1.124709e-03	1.000000e+00	-1.001125e+00
2.078314552750775e-01	4.724468e-01	3.163925e-03	1.555760e-03	1.555760e-03	1.000000e+00	-1.001556e+00
2.088080177750775e-01	5.256033e-01	3.165680e-03	2.039538e-03	2.039538e-03	1.000000e+00	-1.002040e+00
2.097845802750775e-01	5.767815e-01	3.167933e-03	2.574211e-03	2.574211e-03	1.000000e+00	-1.002574e+00
2.107611427750775e-01	6.257889e-01	3.170732e-03	3.157753e-03	3.157753e-03	1.000000e+00	-1.003158e+00
2.117377052750775e-01	6.724409e-01	3.174124e-03	3.787957e-03	3.787957e-03	1.000000e+00	-1.003788e+00
2.127142677750775e-01	7.165621e-01	3.178152e-03	4.462437e-03	4.462437e-03	1.000000e+00	-1.004462e+00
2.136908302750775e-01	7.579862e-01	3.182860e-03	5.178643e-03	5.178643e-03	1.000000e+00	-1.005179e+00
2.146673927750775e-01	7.965575e-01	3.188286e-03	5.933867e-03	5.933867e-03	1.000000e+00	-1.005934e+00
2.166205177750775e-01	8.645719e-01	3.201437e-03	7.549813e-03	7.549813e-03	1.000000e+00	-1.007550e+00
2.185736427750775e-01	9.195824e-01	3.217865e-03	9.285867e-03	9.285867e-03	1.000000e+00	-1.009286e+00
2.205267677750775e-01	9.607615e-01	3.237779e-03	1.111582e-02	1.111582e-02	1.000000e+00	-1.011116e+00
2.224798927750775e-01	9.874899e-01	3.261335e-03	1.301204e-02	1.301204e-02	1.000000e+00	-1.013012e+00
2.244330177750775e-01	9.993655e-01	3.288635e-03	1.494591e-02	1.494591e-02	1.000000e+00	-1.014946e+00
2.263861427750775e-01	9.962097e-01	3.319724e-03	1.688823e-02	1.688823e-02	1.000000e+00	-1.016888e+00
2.283392677750775e-01	9.780700e-01	3.354589e-03	1.880969e-02	1.880969e-02	1.000000e+00	-1.018810e+00
2.302923927750775e-01	9.452192e-01	3.393162e-03	2.068127e-02	2.068127e-02	1.000000e+00	-1.020681e+00
2.322455177750775e-01	8.981515e-01	3.435318e-03	2.247473e-02	2.247473e-02	1.000000e+00	-1.022475e+00
2.341986427750775e-01	8.375747e-01	3.480877e-03	2.416298e-02	2.416298e-02	1.000000e+00	-1.024163e+00
2.361517677750775e-01	7.643999e-01	3.529609e-03	2.572051e-02	2.572051e-02	1.000000e+00	-1.025720e+00
2.381048927750775e-01	6.797279e-01	3.581235e-03	2.712380e-02	2.712380e-02	1.000000e+00	-1.027124e+00
2.400580177750775e-01	5.848322e-01	3.635433e-03	2.835162e-02	2.835162e-02	1.000000e+00	-1.028352e+00
2.420111427750775e-01	4.811400e-01	3.691841e-03	2.938540e-02	2.938540e-02	1.000000e+00	-1.029385e+00
2.439642677750775e-01	3.702111e-01	3.750066e-03	3.020947e-02	3.020947e-02	1.000000e+00	-1.030210e+00
2.459173927750775e-01	2.537138e-01	3.809684e-03	3.081133e-02	3.081133e-02	1.000000e+00	-1.030811e+00
2.478705177750775e-01	1.334005e-01	3.870253e-03	3.118181e-02	3.118181e-02	1.000000e+00	-1.031182e+00
2.498236427750775e-01	1.108062e-02	3.931315e-03	3.131523e-02	3.131523e-02	1.000000e+00	-1.031315e+00
2.517767677750775e-01	-1.114059e-01	3.992403e-03	3.120945e-02	3.120945e-02	1.000000e+00	-1.031209e+00
2.537298927750775e-01	-2.322167e-01	4.053052e-03	3.086597e-02	3.086597e-02	1.000000e+00	-1.030866e+00
2.556830177750775e-01	-3.495348e-01	4.112802e-03	3.028982e-02	3.028982e-02	1.000000e+00	-1.030290e+00
2.576361427750775e-01	-4.615956e-01	4.171208e-03	2.948955e-02	2.948955e-02	1.000000e+00	-1.029490e+00
2.595892677750775e-01	-5.667135e-01	4.227841e-03	2.847708e-02	2.847708e-02	1.000000e+00	-1.028477e+00
2.615423927750775e-01	-6.633075e-01	4.282302e-03	2.726752e-02	2.726752e-02	1.000000e+00	-1.027268e+00
2.634955177750775e-01	-7.499248e-01	4.334223e-03	2.587894e-02	2.587894e-02	1.000000e+00	-1.025879e+00
2.654486427750775e-01	-8.252625e-01	4.383275e-03	2.433211e-02	2.433211e-02	1.000000e+00	-1.024332e+00
2.674017677750775e-01	-8.881875e-01	4.429172e-03	2.265017e-02	2.265017e-02	1.000000e+00	-1.022650e+00
2.693548927750775e-01	-9.377533e-01	4.471672e-03	2.085828e-02	2.085828e-02	1.000000e+00	-1.020858e+00
2.713080177750775e-01	-9.732144e-01	4.510588e-03	1.898329e-02	1.898329e-02	1.000000e+00	-1.018983e+00
2.732611427750775e-01	-9.940376e-01	4.545785e-03	1.705327e-02	1.705327e-02	1.000000e+00	-1.017053e+00
2.752142677750775e-01	-9.999094e-01	4.577184e-03	1.509711e-02	1.509711e-02	1.000000e+00	-1.015097e+00
2.771673927750775e-01	-9.907417e-01	4.604761e-03	1.314412e-02	1.314412e-02	1.000000e+00	-1.013144e+00
2.791205177750775e-01	-9.666722e-01	4.628551e-03	1.122354e-02	1.122354e-02	1.000000e+00	-1.011224e+00
2.810736427750775e-01	-9.280632e-01	4.648647e-03	9.364127e-03	9.364127e-03	1.000000e+00	-1.009364e+00
2.830267677750775e-01	-8.754952e-01	4.665195e-03	7.593726e-03	7.593726e-03	1.000000e+00	-1.007594e+00
2.849798927750775e-01	-8.097590e-01	4.678395e-03	5.938830e-03	5.938830e-03	1.000000e+00	-1.005939e+00
2.859564552750775e-01	-7.722543e-01	4.683816e-03	5.162513e-03	5.162513e-03	1.000000e+00	-1.005162e+00
2.869330177750775e-01	-7.318432e-01	4.688497e-03	4.424200e-03	4.424200e-03	1.000000e+00	-1.004424e+00
2.879095802750775e-01	-6.886775e-01	4.692476e-03	3.726655e-03	3.726655e-03	1.000000e+00	-1.003727e+00
2.888861427750775e-01	-6.429198e-01	4.695796e-03	3.072485e-03	3.072485e-03	1.000000e+00	-1.003073e+00
2.898627052750775e-01	-5.947422e-01	4.698500e-03	2.464137e-03	2.464137e-03	1.000000e+00	-1.002464e+00
2.908392677750775e-01	-5.443263e-01	4.700633e-03	1.903883e-03	1.903883e-03	1.000000e+00	-1.001904e+00
2.918158302750775e-01	-4.918616e-01	4.702243e-03	1.393815e-03	1.393815e-03	1.000000e+00	-1.001394e+00
2.927923927750775e-01	-4.375456e-01	4.703381e-03	9.358359e-04	9.358359e-04	1.000000e+00	-1.000936e+00
2.937689552750775e-01	-3.815828e-01	4.704097e-03	5.316530e-04	5.316530e-04	1.000000e+00	-1.000532e+00
2.947455177750775e-01	-3.241839e-01	4.704446e-03	1.827703e-04	1.827703e-04	1.000000e+00	-1.000183e+00
2.957220802750775e-01	-2.655647e-01	4.704481e-03	-1.095162e-04	-1.095162e-04	1.000000e+00	-9.998904e-01
2.966986427750775e-01	-2.059461e-01	4.704260e-03	-3.441233e-04	-3.441233e-04	1.000000e+00	-9.996558e-01
2.976752052750775e-01	-1.455523e-01	4.703838e-03	-5.201852e-04	-5.201852e-04	1.000000e+00	-9.994798e-01
2.986517677750775e-01	-8.461065e-02	4.703273e-03	-6.370564e-04	-6.370564e-04	1.000000e+00	-9.993629e-01
2.996283302750775e-01	-2.335058e-02	4.702623e-03	-6.943144e-04	-6.943144e-04	1.000000e+00	-9.993057e-01
3.006048927750775e-01	3.799738e-02	4.701946e-03	-6.917607e-04	-6.917607e-04	1.000000e+00	-9.993082e-01
3.015814552750775e-01	9.920233e-02	4.701301e-03	-6.294225e-04	-6.294225e-04	1.000000e+00	-9.993706e-01
3.025580177750775e-01	1.600339e-01	4.700746e-03	-5.075517e-04	-5.075517e-04	1.000000e+00	-9.994925e-01
3.035345802750775e-01	2.202631e-01	4.700338e-03	-3.266245e-04	-3.266245e-04	1.000000e+00	-9.996734e-01
3.045111427750775e-01	2.796634e-01	4.700136e-03	-8.733930e-05	-8.733930e-05	1.000000e+00	-9.999127e-01
3.054877052750775e-01	3.380110e-01	4.700196e-03	2.093856e-04	2.093856e-04	1.000000e+00	-1.000209e+00
3.064642677750775e-01	3.950864e-01	4.700573e-03	5.624159e-04	5.624159e-04	1.000000e+00	-1.000562e+00
3.074408302750775e-01	4.506748e-01	4.701321e-03	9.704052e-04	9.704052e-04	1.000000e+00	-1.000970e+00
3.084173927750775e-01	5.045670e-01	4.702494e-03	1.431800e-03	1.431800e-03	1.000000e+00	-1.001432e+00
3.093939552750775e-01	5.565601e-01	4.704143e-03	1.944846e-03	1.944846e-03	1.000000e+00	-1.001945e+00
3.103705177750775e-01	6.064584e-01	4.706317e-03	2.507595e-03	2.507595e-03	1.000000e+00	-1.002508e+00
3.113470802750775e-01	6.540742e-01	4.709064e-03	3.117910e-03	3.117910e-03	1.000000e+00	-1.003118e+00
3.123236427750775e-01	6.992282e-01	4.712429e-03	3.773477e-03	3.773477e-03	1.000000e+00	-1.003773e+00
3.133002052750775e-01	7.417504e-01	4.716455e-03	4.471810e-03	4.471810e-03	1.000000e+00	-1.004472e+00
3.142767677750775e-01	7.814809e-01	4.721182e-03	5.210262e-03	5.210262e-03	1.000000e+00	-1.005210e+00
3.152533302750775e-01	8.182700e-01	4.726649e-03	5.986037e-03	5.986037e-03	1.000000e+00	-1.005986e+00
3.172064552750775e-01	8.824821e-01	4.739938e-03	7.637672e-03	7.637672e-03	1.000000e+00	-1.007638e+00
3.191595802750775e-01	9.334208e-01	4.756566e-03	9.401726e-03	9.401726e-03	1.000000e+00	-1.009402e+00
3.211127052750775e-01	9.703199e-01	4.776727e-03	1.125152e-02	1.125152e-02	1.000000e+00	-1.011251e+00
3.230658302750775e-01	9.926246e-01	4.800560e-03	1.315908e-02	1.315908e-02	1.000000e+00	-1.013159e+00
3.250189552750775e-01	9.999993e-01	4.828150e-03	1.509558e-02	1.509558e-02	1.000000e+00	-1.015096e+00
3.269720802750775e-01	9.923331e-01	4.859527e-03	1.703172e-02	1.703172e-02	1.000000e+00	-1.017032e+00
3.289252052750775e-01	9.697412e-01	4.894659e-03	1.893825e-02	1.893825e-02	1.000000e+00	-1.018938e+00
3.308783302750775e-01	9.325635e-01	4.933462e-03	2.078634e-02	2.078634e-02	1.000000e+00	-1.020786e+00
3.328314552750775e-01	8.813592e-01	4.975792e-03	2.254803e-02	2.254803e-02	1.000000e+00	-1.022548e+00
3.347845802750775e-01	8.168985e-01	5.021457e-03	2.419668e-02	2.419668e-02	1.000000e+00	-1.024197e+00
3.367377052750775e-01	7.401507e-01	5.070210e-03	2.570733e-02	2.570733e-02	1.000000e+00	-1.025707e+00
3.386908302750775e-01	6.522706e-01	5.121758e-03	2.705711e-02	2.705711e-02	1.000000e+00	-1.027057e+00
3.406439552750775e-01	5.545796e-01	5.175768e-03	2.822557e-02	2.822557e-02	1.000000e+00	-1.028226e+00
3.425970802750775e-01	4.485472e-01	5.231868e-03	2.919497e-02	2.919497e-02	1.000000e+00	-1.029195e+00
3.445502052750775e-01	3.357683e-01	5.289655e-03	2.995057e-02	2.995057e-02	1.000000e+00	-1.029951e+00
3.465033302750775e-01	2.179390e-01	5.348698e-03	3.048085e-02	3.048085e-02	1.000000e+00	-1.030481e+00
3.484564552750775e-01	9.683181e-02	5.408550e-03	3.077768e-02	3.077768e-02	1.000000e+00	-1.030778e+00
3.513861427750775e-01	-8.698385e-02	5.498833e-03	3.077606e-02	3.077606e-02	1.000000e+00	-1.030776e+00
3.533392677750775e-01	-2.082764e-01	5.558679e-03	3.047686e-02	3.047686e-02	1.000000e+00	-1.030477e+00
3.552923927750775e-01	-3.264363e-01	5.617712e-03	2.994371e-02	2.994371e-02	1.000000e+00	-1.029944e+00
3.572455177750775e-01	-4.396862e-01	5.675481e-03	2.918445e-02	2.918445e-02	1.000000e+00	-1.029184e+00
3.591986427750775e-01	-5.463229e-01	5.731556e-03	2.821036e-02	2.821036e-02	1.000000e+00	-1.028210e+00
3.611517677750775e-01	-6.447424e-01	5.785531e-03	2.703591e-02	2.703591e-02	1.000000e+00	-1.027036e+00
3.631048927750775e-01	-7.334644e-01	5.837031e-03	2.567860e-02	2.567860e-02	1.000000e+00	-1.025679e+00
3.650580177750775e-01	-8.111543e-01	5.885719e-03	2.415868e-02	2.415868e-02	1.000000e+00	-1.024159e+00
3.670111427750775e-01	-8.766438e-01	5.931299e-03	2.249885e-02	2.249885e-02	1.000000e+00	-1.022499e+00
3.689642677750775e-01	-9.289477e-01	5.973521e-03	2.072391e-02	2.072391e-02	1.000000e+00	-1.020724e+00
3.709173927750775e-01	-9.672793e-01	6.012186e-03	1.886038e-02	1.886038e-02	1.000000e+00	-1.018860e+00
3.728705177750775e-01	-9.910622e-01	6.047150e-03	1.693613e-02	1.693613e-02	1.000000e+00	-1.016936e+00
3.748236427750775e-01	-9.999386e-01	6.078320e-03	1.497991e-02	1.497991e-02	1.000000e+00	-1.014980e+00
3.767767677750775e-01	-9.937750e-01	6.105663e-03	1.302100e-02	1.302100e-02	1.000000e+00	-1.013021e+00
3.787298927750775e-01	-9.726641e-01	6.129202e-03	1.108867e-02	1.108867e-02	1.000000e+00	-1.011089e+00
3.806830177750775e-01	-9.369234e-01	6.149019e-03	9.211831e-03	9.211831e-03	1.000000e+00	-1.009212e+00
3.826361427750775e-01	-8.870905e-01	6.165247e-03	7.418524e-03	7.418524e-03	1.000000e+00	-1.007419e+00
3.845892677750775e-01	-8.239149e-01	6.178078e-03	5.735551e-03	5.735551e-03	1.000000e+00	-1.005736e+00
3.855658302750775e-01	-7.876132e-01	6.183293e-03	4.943372e-03	4.943372e-03	1.000000e+00	-1.004943e+00
3.865423927750775e-01	-7.483469e-01	6.187751e-03	4.188052e-03	4.188052e-03	1.000000e+00	-1.004188e+00
3.875189552750775e-01	-7.062641e-01	6.191492e-03	3.472413e-03	3.472413e-03	1.000000e+00	-1.003472e+00
3.884955177750775e-01	-6.615231e-01	6.194554e-03	2.799125e-03	2.799125e-03	1.000000e+00	-1.002799e+00
3.894720802750775e-01	-6.142923e-01	6.196980e-03	2.170702e-03	2.170702e-03	1.000000e+00	-1.002171e+00
3.904486427750775e-01	-5.647493e-01	6.198816e-03	1.589485e-03	1.589485e-03	1.000000e+00	-1.001590e+00
3.914252052750775e-01	-5.130808e-01	6.200109e-03	1.057641e-03	1.057641e-03	1.000000e+00	-1.001058e+00
3.924017677750775e-01	-4.594812e-01	6.200908e-03	5.771476e-04	5.771476e-04	1.000000e+00	-1.000577e+00
3.933783302750775e-01	-4.041522e-01	6.201263e-03	1.497924e-04	1.497924e-04	1.000000e+00	-1.000150e+00
3.943548927750775e-01	-3.473021e-01	6.201227e-03	-2.228393e-04	-2.228393e-04	1.000000e+00	-9.997772e-01
3.953314552750775e-01	-2.891448e-01	6.200855e-03	-5.393673e-04	-5.393673e-04	1.000000e+00	-9.994606e-01
3.963080177750775e-01	-2.298992e-01	6.200201e-03	-7.986227e-04	-7.986227e-04	1.000000e+00	-9.992014e-01
3.972845802750775e-01	-1.697883e-01	6.199323e-03	-9.996527e-04	-9.996527e-04	1.000000e+00	-9.990003e-01
3.982611427750775e-01	-1.090384e-01	6.198278e-03	-1.141723e-03	-1.141723e-03	1.000000e+00	-9.988583e-01
3.992377052750775e-01	-4.787808e-02	6.197122e-03	-1.224321e-03	-1.224321e-03	1.000000e+00	-9.987757e-01
4.002142677750775e-01	1.346243e-02	6.195915e-03	-1.247160e-03	-1.247160e-03	1.000000e+00	-9.987528e-01
4.011908302750775e-01	7.475228e-02	6.194715e-03	-1.210176e-03	-1.210176e-03	1.000000e+00	-9.987898e-01
4.021673927750775e-01	1.357608e-01	6.193581e-03	-1.113531e-03	-1.113531e-03	1.000000e+00	-9.988865e-01
4.031439552750775e-01	1.962583e-01	6.192570e-03	-9.576118e-04	-9.576118e-04	1.000000e+00	-9.990424e-01
4.041205177750775e-01	2.560171e-01	6.191739e-03	-7.430281e-04	-7.430281e-04	1.000000e+00	-9.992570e-01
4.050970802750775e-01	3.148124e-01	6.191147e-03	-4.706108e-04	-4.706108e-04	1.000000e+00	-9.995294e-01
4.060736427750775e-01	3.724228e-01	6.190848e-03	-1.414081e-04	-1.414081e-04	1.000000e+00	-9.998586e-01
4.070502052750775e-01	4.286314e-01	6.190897e-03	2.433178e-04	2.433178e-04	1.000000e+00	-1.000243e+00
4.080267677750775e-01	4.832268e-01	6.191350e-03	6.820956e-04	6.820956e-04	1.000000e+00	-1.000682e+00
4.090033302750775e-01	5.360035e-01	6.192255e-03	1.173251e-03	1.173251e-03	1.000000e+00	-1.001173e+00
4.099798927750775e-01	5.867627e-01	6.193666e-03	1.714911e-03	1.714911e-03	1.000000e+00	-1.001715e+00
4.109564552750775e-01	6.353135e-01	6.195629e-03	2.305015e-03	2.305015e-03	1.000000e+00	-1.002305e+00
4.119330177750775e-01	6.814731e-01	6.198190e-03	2.941318e-03	2.941318e-03	1.000000e+00	-1.002941e+00
4.129095802750775e-01	7.250678e-01	6.201395e-03	3.621402e-03	3.621402e-03	1.000000e+00	-1.003621e+00
4.138861427750775e-01	7.659335e-01	6.205283e-03	4.342683e-03	4.342683e-03	1.000000e+00	-1.004343e+00
4.148627052750775e-01	8.039165e-01	6.209895e-03	5.102423e-03	5.102423e-03	1.000000e+00	-1.005102e+00
4.158392677750775e-01	8.388736e-01	6.215266e-03	5.897740e-03	5.897740e-03	1.000000e+00	-1.005898e+00
4.177923927750775e-01	8.991962e-01	6.228417e-03	7.582910e-03	7.582910e-03	1.000000e+00	-1.007583e+00
4.197455177750775e-01	9.459941e-01	6.244964e-03	9.372659e-03	9.372659e-03	1.000000e+00	-1.009373e+00
4.216986427750775e-01	9.785634e-01	6.265085e-03	1.123987e-02	1.123987e-02	1.000000e+00	-1.011240e+00
4.236517677750775e-01	9.964141e-01	6.288906e-03	1.315628e-02	1.315628e-02	1.000000e+00	-1.013156e+00
4.256048927750775e-01	9.992778e-01	6.316492e-03	1.509286e-02	1.509286e-02	1.000000e+00	-1.015093e+00
4.275580177750775e-01	9.871115e-01	6.347856e-03	1.702030e-02	1.702030e-02	1.000000e+00	-1.017020e+00
4.295111427750775e-01	9.600981e-01	6.382950e-03	1.890941e-02	1.890941e-02	1.000000e+00	-1.018909e+00
4.314642677750775e-01	9.186440e-01	6.421671e-03	2.073158e-02	2.073158e-02	1.000000e+00	-1.020732e+00
4.334173927750775e-01	8.633725e-01	6.463863e-03	2.245920e-02	2.245920e-02	1.000000e+00	-1.022459e+00
4.353705177750775e-01	7.951152e-01	6.509314e-03	2.406611e-02	2.406611e-02	1.000000e+00	-1.024066e+00
4.373236427750775e-01	7.148985e-01	6.557764e-03	2.552792e-02	2.552792e-02	1.000000e+00	-1.025528e+00
4.392767677750775e-01	6.239292e-01	6.608910e-03	2.682246e-02	2.682246e-02	1.000000e+00	-1.026822e+00
4.412298927750775e-01	5.235754e-01	6.662403e-03	2.793006e-02	2.793006e-02	1.000000e+00	-1.027930e+00
4.431830177750775e-01	4.153464e-01	6.717863e-03	2.883385e-02	2.883385e-02	1.000000e+00	-1.028834e+00
4.451361427750775e-01	3.008704e-01	6.774876e-03	2.952005e-02	2.952005e-02	1.000000e+00	-1.029520e+00
4.470892677750775e-01	1.818689e-01	6.833008e-03	2.997813e-02	2.997813e-02	1.000000e+00	-1.029978e+00
4.490423927750775e-01	6.013194e-02	6.891806e-03	3.020100e-02	3.020100e-02	1.000000e+00	-1.030201e+00
4.509955177750775e-01	-6.250945e-02	6.950806e-03	3.018510e-02	3.018510e-02	1.000000e+00	-1.030185e+00
4.529486427750775e-01	-1.842106e-01	7.009541e-03	2.993047e-02	2.993047e-02	1.000000e+00	-1.029930e+00
4.549017677750775e-01	-3.031411e-01	7.067549e-03	2.944073e-02	2.944073e-02	1.000000e+00	-1.029441e+00
4.568548927750775e-01	-4.175121e-01	7.124377e-03	2.872306e-02	2.872306e-02	1.000000e+00	-1.028723e+00
4.588080177750775e-01	-5.256033e-01	7.179589e-03	2.778802e-02	2.778802e-02	1.000000e+00	-1.027788e+00
4.607611427750775e-01	-6.257889e-01	7.232775e-03	2.664948e-02	2.664948e-02	1.000000e+00	-1.026649e+00
4.627142677750775e-01	-7.165621e-01	7.283553e-03	2.532437e-02	2.532437e-02	1.000000e+00	-1.025324e+00
4.646673927750775e-01	-7.965575e-01	7.331576e-03	2.383239e-02	2.383239e-02	1.000000e+00	-1.023832e+00
4.666205177750775e-01	-8.645719e-01	7.376542e-03	2.219578e-02	2.219578e-02	1.000000e+00	-1.022196e+00
4.685736427750775e-01	-9.195824e-01	7.418190e-03	2.043895e-02	2.043895e-02	1.000000e+00	-1.020439e+00
4.705267677750775e-01	-9.607615e-01	7.456312e-03	1.858811e-02	1.858811e-02	1.000000e+00	-1.018588e+00
4.724798927750775e-01	-9.874899e-01	7.490751e-03	1.667089e-02	1.667089e-02	1.000000e+00	-1.016671e+00
4.744330177750775e-01	-9.993655e-01	7.521405e-03	1.471591e-02	1.471591e-02	1.000000e+00	-1.014716e+00
4.763861427750775e-01	-9.962097e-01	7.548229e-03	1.275236e-02	1.275236e-02	1.000000e+00	-1.012752e+00
4.783392677750775e-01	-9.780700e-01	7.571234e-03	1.080956e-02	1.080956e-02	1.000000e+00	-1.010810e+00
4.802923927750775e-01	-9.452192e-01	7.590490e-03	8.916520e-03	8.916520e-03	1.000000e+00	-1.008916e+00
4.822455177750775e-01	-8.981515e-01	7.606122e-03	7.101495e-03	7.101495e-03	1.000000e+00	-1.007102e+00
4.841986427750775e-01	-8.375747e-01	7.618308e-03	5.391568e-03	5.391568e-03	1.000000e+00	-1.005392e+00
4.851752052750775e-01	-8.024975e-01	7.623179e-03	4.584058e-03	4.584058e-03	1.000000e+00	-1.004584e+00
4.861517677750775e-01	-7.643999e-01	7.627278e-03	3.812240e-03	3.812240e-03	1.000000e+00	-1.003812e+00
4.871283302750775e-01	-7.234253e-01	7.630643e-03	3.078993e-03	3.078993e-03	1.000000e+00	-1.003079e+00
4.881048927750775e-01	-6.797279e-01	7.633312e-03	2.387049e-03	2.387049e-03	1.000000e+00	-1.002387e+00
4.890814552750775e-01	-6.334722e-01	7.635327e-03	1.738984e-03	1.738984e-03	1.000000e+00	-1.001739e+00
4.900580177750775e-01	-5.848322e-01	7.636731e-03	1.137210e-03	1.137210e-03	1.000000e+00	-1.001137e+00
4.910345802750775e-01	-5.339910e-01	7.637572e-03	5.839646e-04	5.839646e-04	1.000000e+00	-1.000584e+00
4.920111427750775e-01	-4.811400e-01	7.637897e-03	8.130253e-05	8.130253e-05	1.000000e+00	-1.000081e+00
4.929877052750775e-01	-4.264781e-01	7.637756e-03	-3.689121e-04	-3.689121e-04	1.000000e+00	-9.996310e-01
4.939642677750775e-01	-3.702111e-01	7.637202e-03	-7.650124e-04	-7.650124e-04	1.000000e+00	-9.992350e-01
4.949408302750775e-01	-3.125506e-01	7.636289e-03	-1.105535e-03	-1.105535e-03	1.000000e+00	-9.988945e-01
4.959173927750775e-01	-2.537138e-01	7.635071e-03	-1.389227e-03	-1.389227e-03	1.000000e+00	-9.986108e-01
4.968939552750775e-01	-1.939221e-01	7.633604e-03	-1.615047e-03	-1.615047e-03	1.000000e+00	-9.983850e-01
4.978705177750775e-01	-1.334005e-01	7.631945e-03	-1.782175e-03	-1.782175e-03	1.000000e+00	-9.982178e-01
4.988470802750775e-01	-7.237674e-02	7.630152e-03	-1.890008e-03	-1.890008e-03	1.000000e+00	-9.981100e-01
4.998236427750775e-01	-1.108062e-02	7.628283e-03	-1.938169e-03	-1.938169e-03	1.000000e+00	-9.980618e-01
5.008002052750775e-01	5.025720e-02	7.626396e-03	-1.926504e-03	-1.926504e-03	1.000000e+00	-9.980735e-01
5.017767677750775e-01	1.114059e-01	7.624549e-03	-1.855086e-03	-1.855086e-03	1.000000e+00	-9.981449e-01
5.027533302750775e-01	1.721352e-01	7.622802e-03	-1.724212e-03	-1.724212e-03	1.000000e+00	-9.982758e-01
5.037298927750775e-01	2.322167e-01	7.621211e-03	-1.534402e-03	-1.534402e-03	1.000000e+00	-9.984656e-01
5.047064552750775e-01	2.914242e-01	7.619833e-03	-1.286399e-03	-1.286399e-03	1.000000e+00	-9.987136e-01
5.056830177750775e-01	3.495348e-01	7.618726e-03	-9.811649e-04	-9.811649e-04	1.000000e+00	-9.990188e-01
5.066595802750775e-01	4.063298e-01	7.617944e-03	-6.198767e-04	-6.198767e-04	1.000000e+00	-9.993801e-01
5.076361427750775e-01	4.615956e-01	7.617542e-03	-2.039225e-04	-2.039225e-04	1.000000e+00	-9.997961e-01
5.086127052750775e-01	5.151239e-01	7.617572e-03	2.651035e-04	2.651035e-04	1.000000e+00	-1.000265e+00
5.095892677750775e-01	5.667135e-01	7.618085e-03	7.854076e-04	7.854076e-04	1.000000e+00	-1.000785e+00
5.105658302750775e-01	6.161700e-01	7.619130e-03	1.355003e-03	1.355003e-03	1.000000e+00	-1.001355e+00
5.115423927750775e-01	6.633075e-01	7.620755e-03	1.971717e-03	1.971717e-03	1.000000e+00	-1.001972e+00
5.125189552750775e-01	7.079484e-01	7.623003e-03	2.633200e-03	2.633200e-03	1.000000e+00	-1.002633e+00
5.134955177750775e-01	7.499248e-01	7.625918e-03	3.336934e-03	3.336934e-03	1.000000e+00	-1.003337e+00
5.144720802750775e-01	7.890786e-01	7.629540e-03	4.080241e-03	4.080241e-03	1.000000e+00	-1.004080e+00
5.154486427750775e-01	8.252625e-01	7.633905e-03	4.860294e-03	4.860294e-03	1.000000e+00	-1.004860e+00
5.164252052750775e-01	8.583403e-01	7.639049e-03	5.674130e-03	5.674130e-03	1.000000e+00	-1.005674e+00
5.183783302750775e-01	9.146917e-01	7.651794e-03	7.390663e-03	7.390663e-03	1.000000e+00	-1.007391e+00
5.203314552750775e-01	9.572854e-01	7.667989e-03	9.203791e-03	9.203791e-03	1.000000e+00	-1.009204e+00
5.222845802750775e-01	9.854805e-01	7.687797e-03	1.108601e-02	1.108601e-02	1.000000e+00	-1.011086e+00
5.242377052750775e-01	9.988532e-01	7.711324e-03	1.300878e-02	1.300878e-02	1.000000e+00	-1.013009e+00
5.261908302750775e-01	9.972022e-01	7.738621e-03	1.494294e-02	1.494294e-02	1.000000e+00	-1.014943e+00
5.281439552750775e-01	9.805523e-01	7.769682e-03	1.685916e-02	1.685916e-02	1.000000e+00	-1.016859e+00
5.300970802750775e-01	9.491539e-01	7.804442e-03	1.872840e-02	1.872840e-02	1.000000e+00	-1.018728e+00
5.320502052750775e-01	9.034795e-01	7.842784e-03	2.052229e-02	2.052229e-02	1.000000e+00	-1.020522e+00
5.340033302750775e-01	8.442158e-01	7.884532e-03	2.221363e-02	2.221363e-02	1.000000e+00	-1.022214e+00
5.359564552750775e-01	7.722543e-01	7.929462e-03	2.377673e-02	2.377673e-02	1.000000e+00	-1.023777e+00
5.379095802750775e-01	6.886775e-01	7.977298e-03	2.518784e-02	2.518784e-02	1.000000e+00	-1.025188e+00
5.398627052750775e-01	5.947422e-01	8.027725e-03	2.642550e-02	2.642550e-02	1.000000e+00	-1.026425e+00
5.418158302750775e-01	4.918616e-01	8.080383e-03	2.747085e-02	2.747085e-02	1.000000e+00	-1.027471e+00
5.437689552750775e-01	3.815828e-01	8.134881e-03	2.830794e-02	2.830794e-02	1.000000e+00	-1.028308e+00
5.457220802750775e-01	2.655647e-01	8.190799e-03	2.892392e-02	2.892392e-02	1.000000e+00	-1.028924e+00
5.476752052750775e-01	1.455523e-01	8.247696e-03	2.930929e-02	2.930929e-02	1.000000e+00	-1.029309e+00
5.496283302750775e-01	2.335058e-02	8.305115e-03	2.945801e-02	2.945801e-02	1.000000e+00	-1.029458e+00
5.515814552750775e-01	-9.920233e-02	8.362591e-03	2.936761e-02	2.936761e-02	1.000000e+00	-1.029368e+00
5.535345802750775e-01	-2.202631e-01	8.419657e-03	2.903918e-02	2.903918e-02	1.000000e+00	-1.029039e+00
5.554877052750775e-01	-3.380110e-01	8.475854e-03	2.847744e-02	2.847744e-02	1.000000e+00	-1.028477e+00
5.574408302750775e-01	-4.506748e-01	8.530732e-03	2.769057e-02	2.769057e-02	1.000000e+00	-1.027691e+00
5.593939552750775e-01	-5.565601e-01	8.583864e-03	2.669017e-02	2.669017e-02	1.000000e+00	-1.026690e+00
5.613470802750775e-01	-6.540742e-01	8.634845e-03	2.549105e-02	2.549105e-02	1.000000e+00	-1.025491e+00
5.633002052750775e-01	-7.417504e-01	8.683306e-03	2.411098e-02	2.411098e-02	1.000000e+00	-1.024111e+00
5.652533302750775e-01	-8.182700e-01	8.728912e-03	2.257047e-02	2.257047e-02	1.000000e+00	-1.022570e+00
5.672064552750775e-01	-8.824821e-01	8.771371e-03	2.089244e-02	2.089244e-02	1.000000e+00	-1.020893e+00
5.691595802750775e-01	-9.334208e-01	8.810440e-03	1.910189e-02	1.910189e-02	1.000000e+00	-1.019102e+00
5.711127052750775e-01	-9.703199e-01	8.845925e-03	1.722549e-02	1.722549e-02	1.000000e+00	-1.017226e+00
5.730658302750775e-01	-9.926246e-01	8.877684e-03	1.529120e-02	1.529120e-02	1.000000e+00	-1.015291e+00
5.750189552750775e-01	-9.999993e-01	8.905635e-03	1.332789e-02	1.332789e-02	1.000000e+00	-1.013328e+00
5.769720802750775e-01	-9.923331e-01	8.929747e-03	1.136481e-02	1.136481e-02	1.000000e+00	-1.011365e+00
5.789252052750775e-01	-9.697412e-01	8.950050e-03	9.431235e-03	9.431235e-03	1.000000e+00	-1.009431e+00
5.808783302750775e-01	-9.325635e-01	8.966630e-03	7.556000e-03	7.556000e-03	1.000000e+00	-1.007556e+00
5.828314552750775e-01	-8.813592e-01	8.979629e-03	5.767050e-03	5.767050e-03	1.000000e+00	-1.005767e+00
5.838080177750775e-01	-8.507298e-01	8.984844e-03	4.913323e-03	4.913323e-03	1.000000e+00	-1.004913e+00
5.847845802750775e-01	-8.168985e-01	8.989241e-03	4.091037e-03	4.091037e-03	1.000000e+00	-1.004091e+00
5.857611427750775e-01	-7.799925e-01	8.992851e-03	3.303254e-03	3.303254e-03	1.000000e+00	-1.003303e+00
5.867377052750775e-01	-7.401507e-01	8.995710e-03	2.552909e-03	2.552909e-03	1.000000e+00	-1.002553e+00
5.877142677750775e-01	-6.975233e-01	8.997857e-03	1.842792e-03	1.842792e-03	1.000000e+00	-1.001843e+00
5.886908302750775e-01	-6.522706e-01	8.999331e-03	1.175544e-03	1.175544e-03	1.000000e+00	-1.001176e+00
5.896673927750775e-01	-6.045628e-01	9.000175e-03	5.536439e-04	5.536439e-04	1.000000e+00	-1.000554e+00
5.906439552750775e-01	-5.545796e-01	9.000435e-03	-2.060069e-05	-2.060069e-05	1.000000e+00	-9.999794e-01
5.916205177750775e-01	-5.025091e-01	9.000159e-03	-5.450606e-04	-5.450606e-04	1.000000e+00	-9.994549e-01
5.925970802750775e-01	-4.485472e-01	8.999396e-03	-1.017795e-03	-1.017795e-03	1.000000e+00	-9.989822e-01
5.935736427750775e-01	-3.928971e-01	8.998198e-03	-1.437056e-03	-1.437056e-03	1.000000e+00	-9.985629e-01
5.945502052750775e-01	-3.357683e-01	8.996616e-03	-1.801300e-03	-1.801300e-03	1.000000e+00	-9.981987e-01
5.955267677750775e-01	-2.773756e-01	8.994707e-03	-2.109188e-03	-2.109188e-03	1.000000e+00	-9.978908e-01
5.965033302750775e-01	-2.179390e-01	8.992525e-03	-2.359594e-03	-2.359594e-03	1.000000e+00	-9.976404e-01
5.974798927750775e-01	-1.576822e-01	8.990127e-03	-2.551608e-03	-2.551608e-03	1.000000e+00	-9.974484e-01
5.984564552750775e-01	-9.683181e-02	8.987570e-03	-2.684541e-03	-2.684541e-03	1.000000e+00	-9.973155e-01
5.994330177750775e-01	-3.561701e-02	8.984912e-03	-2.757926e-03	-2.757926e-03	1.000000e+00	-9.972421e-01
6.004095802750775e-01	2.573185e-02	8.982212e-03	-2.771518e-03	-2.771518e-03	1.000000e+00	-9.972285e-01
6.013861427750775e-01	8.698385e-02	8.979528e-03	-2.725301e-03	-2.725301e-03	1.000000e+00	-9.972747e-01
6.023627052750775e-01	1.479085e-01	8.976919e-03	-2.619480e-03	-2.619480e-03	1.000000e+00	-9.973805e-01
6.033392677750775e-01	2.082764e-01	8.974441e-03	-2.454488e-03	-2.454488e-03	1.000000e+00	-9.975455e-01
6.043158302750775e-01	2.678604e-01	8.972153e-03	-2.230979e-03	-2.230979e-03	1.000000e+00	-9.977690e-01
6.052923927750775e-01	3.264363e-01	8.970112e-03	-1.949827e-03	-1.949827e-03	1.000000e+00	-9.980502e-01
6.062689552750775e-01	3.837835e-01	8.968373e-03	-1.612124e-03	-1.612124e-03	1.000000e+00	-9.983879e-01
6.072455177750775e-01	4.396862e-01	8.966990e-03	-1.219173e-03	-1.219173e-03	1.000000e+00	-9.987808e-01
6.082220802750775e-01	4.939341e-01	8.966018e-03	-7.724884e-04	-7.724884e-04	1.000000e+00	-9.992275e-01
6.091986427750775e-01	5.463229e-01	8.965507e-03	-2.737834e-04	-2.737834e-04	1.000000e+00	-9.997262e-01
6.101752052750775e-01	5.966555e-01	8.965507e-03	2.750310e-04	2.750310e-04	1.000000e+00	-1.000275e+00
6.111517677750775e-01	6.447424e-01	8.966068e-03	8.718558e-04	8.718558e-04	1.000000e+00	-1.000872e+00
6.121283302750775e-01	6.904026e-01	8.967233e-03	1.514411e-03	1.514411e-03	1.000000e+00	-1.001514e+00
6.131048927750775e-01	7.334644e-01	8.969046e-03	2.200244e-03	2.200244e-03	1.000000e+00	-1.002200e+00
6.140814552750775e-01	7.737654e-01	8.971550e-03	2.926741e-03	2.926741e-03	1.000000e+00	-1.002927e+00
6.150580177750775e-01	8.111543e-01	8.974781e-03	3.691134e-03	3.691134e-03	1.000000e+00	-1.003691e+00
6.160345802750775e-01	8.454902e-01	8.978777e-03	4.490511e-03	4.490511e-03	1.000000e+00	-1.004490e+00
6.170111427750775e-01	8.766438e-01	8.983567e-03	5.321830e-03	5.321830e-03	1.000000e+00	-1.005322e+00
6.189642677750775e-01	9.289477e-01	8.995654e-03	7.067535e-03	7.067535e-03	1.000000e+00	-1.007067e+00
6.209173927750775e-01	9.672793e-01	9.011240e-03	8.901721e-03	8.901721e-03	1.000000e+00	-1.008902e+00
6.228705177750775e-01	9.910622e-01	9.030471e-03	1.079653e-02	1.079653e-02	1.000000e+00	-1.010797e+00
6.248236427750775e-01	9.999386e-01	9.053437e-03	1.272318e-02	1.272318e-02	1.000000e+00	-1.012723e+00
6.267767677750775e-01	9.937750e-01	9.080173e-03	1.465244e-02	1.465244e-02	1.000000e+00	-1.014652e+00
6.287298927750775e-01	9.726641e-01	9.110654e-03	1.655499e-02	1.655499e-02	1.000000e+00	-1.016555e+00
6.306830177750775e-01	9.369234e-01	9.144800e-03	1.840197e-02	1.840197e-02	1.000000e+00	-1.018402e+00
6.326361427750775e-01	8.870905e-01	9.182476e-03	2.016530e-02	2.016530e-02	1.000000e+00	-1.020165e+00
6.345892677750775e-01	8.239149e-01	9.223489e-03	2.181819e-02	2.181819e-02	1.000000e+00	-1.021818e+00
6.365423927750775e-01	7.483469e-01	9.267603e-03	2.333550e-02	2.333550e-02	1.000000e+00	-1.023335e+00
6.384955177750775e-01	6.615231e-01	9.314528e-03	2.469413e-02	2.469413e-02	1.000000e+00	-1.024694e+00
6.404486427750775e-01	5.647493e-01	9.363933e-03	2.587337e-02	2.587337e-02	1.000000e+00	-1.025873e+00
6.424017677750775e-01	4.594812e-01	9.415451e-03	2.685521e-02	2.685521e-02	1.000000e+00	-1.026855e+00
6.443548927750775e-01	3.473021e-01	9.468680e-03	2.762459e-02	2.762459e-02	1.000000e+00	-1.027625e+00
6.463080177750775e-01	2.298992e-01	9.523195e-03	2.816966e-02	2.816966e-02	1.000000e+00	-1.028170e+00
6.482611427750775e-01	1.090384e-01	9.578547e-03	2.848195e-02	2.848195e-02	1.000000e+00	-1.028482e+00
6.511908302750775e-01	-7.475228e-02	9.662140e-03	2.850398e-02	2.850398e-02	1.000000e+00	-1.028504e+00
6.531439552750775e-01	-1.962583e-01	9.717563e-03	2.822034e-02	2.822034e-02	1.000000e+00	-1.028220e+00
6.550970802750775e-01	-3.148124e-01	9.772204e-03	2.770216e-02	2.770216e-02	1.000000e+00	-1.027702e+00
6.570502052750775e-01	-4.286314e-01	9.825610e-03	2.695695e-02	2.695695e-02	1.000000e+00	-1.026957e+00
6.590033302750775e-01	-5.360035e-01	9.877346e-03	2.599563e-02	2.599563e-02	1.000000e+00	-1.025996e+00
6.609564552750775e-01	-6.353135e-01	9.927006e-03	2.483238e-02	2.483238e-02	1.000000e+00	-1.024832e+00
6.629095802750775e-01	-7.250678e-01	9.974212e-03	2.348439e-02	2.348439e-02	1.000000e+00	-1.023484e+00
6.648627052750775e-01	-8.039165e-01	1.001862e-02	2.197167e-02	2.197167e-02	1.000000e+00	-1.021972e+00
6.668158302750775e-01	-8.706734e-01	1.005994e-02	2.031668e-02	2.031668e-02	1.000000e+00	-1.020317e+00
6.687689552750775e-01	-9.243346e-01	1.009790e-02	1.854402e-02	1.854402e-02	1.000000e+00	-1.018544e+00
6.707220802750775e-01	-9.640930e-01	1.013231e-02	1.668006e-02	1.668006e-02	1.000000e+00	-1.016680e+00
6.726752052750775e-01	-9.893506e-01	1.016301e-02	1.475255e-02	1.475255e-02	1.000000e+00	-1.014753e+00
6.746283302750775e-01	-9.997273e-01	1.018991e-02	1.279018e-02	1.279018e-02	1.000000e+00	-1.012790e+00
6.765814552750775e-01	-9.950673e-01	1.021297e-02	1.082219e-02	1.082219e-02	1.000000e+00	-1.010822e+00
6.785345802750775e-01	-9.754405e-01	1.023220e-02	8.877880e-03	8.877880e-03	1.000000e+00	-1.008878e+00
6.804877052750775e-01	-9.411421e-01	1.024768e-02	6.986199e-03	6.986199e-03	1.000000e+00	-1.006986e+00
6.824408302750775e-01	-8.926882e-01	1.025955e-02	5.175309e-03	5.175309e-03	1.000000e+00	-1.005175e+00
6.834173927750775e-01	-8.633725e-01	1.026418e-02	4.308639e-03	4.308639e-03	1.000000e+00	-1.004309e+00
6.843939552750775e-01	-8.308073e-01	1.026798e-02	3.472151e-03	3.472151e-03	1.000000e+00	-1.003472e+00
6.853705177750775e-01	-7.951152e-01	1.027098e-02	2.668959e-03	2.668959e-03	1.000000e+00	-1.002669e+00
6.863470802750775e-01	-7.564304e-01	1.027321e-02	1.902048e-03	1.902048e-03	1.000000e+00	-1.001902e+00
6.873236427750775e-01	-7.148985e-01	1.027471e-02	1.174267e-03	1.174267e-03	1.000000e+00	-1.001174e+00
6.883002052750775e-01	-6.706760e-01	1.027552e-02	4.883181e-04	4.883181e-04	1.000000e+00	-1.000488e+00
6.892767677750775e-01	-6.239292e-01	1.027569e-02	-1.532535e-04	-1.532535e-04	1.000000e+00	-9.998468e-01
6.902533302750775e-01	-5.748340e-01	1.027525e-02	-7.480705e-04	-7.480705e-04	1.000000e+00	-9.992520e-01
6.912298927750775e-01	-5.235754e-01	1.027425e-02	-1.293932e-03	-1.293932e-03	1.000000e+00	-9.987060e-01
6.922064552750775e-01	-4.703460e-01	1.027274e-02	-1.788819e-03	-1.788819e-03	1.000000e+00	-9.982111e-01
6.931830177750775e-01	-4.153464e-01	1.027078e-02	-2.230908e-03	-2.230908e-03	1.000000e+00	-9.977691e-01
6.941595802750775e-01	-3.587836e-01	1.026841e-02	-2.618572e-03	-2.618572e-03	1.000000e+00	-9.973814e-01
6.951361427750775e-01	-3.008704e-01	1.026569e-02	-2.950390e-03	-2.950390e-03	1.000000e+00	-9.970496e-01
6.961127052750775e-01	-2.418247e-01	1.026268e-02	-3.225149e-03	-3.225149e-03	1.000000e+00	-9.967749e-01
6.970892677750775e-01	-1.818689e-01	1.025942e-02	-3.441853e-03	-3.441853e-03	1.000000e+00	-9.965581e-01
6.980658302750775e-01	-1.212286e-01	1.025598e-02	-3.599724e-03	-3.599724e-03	1.000000e+00	-9.964002e-01
6.990423927750775e-01	-6.013194e-02	1.025242e-02	-3.698207e-03	-3.698207e-03	1.000000e+00	-9.963018e-01
7.000189552750775e-01	1.190995e-03	1.024879e-02	-3.736966e-03	-3.736966e-03	1.000000e+00	-9.962630e-01
7.009955177750775e-01	6.250945e-02	1.024515e-02	-3.715895e-03	-3.715895e-03	1.000000e+00	-9.962841e-01
7.019720802750775e-01	1.235926e-01	1.024156e-02	-3.635110e-03	-3.635110e-03	1.000000e+00	-9.963649e-01
7.029486427750775e-01	1.842106e-01	1.023808e-02	-3.494953e-03	-3.494953e-03	1.000000e+00	-9.965051e-01
7.039252052750775e-01	2.441353e-01	1.023476e-02	-3.295989e-03	-3.295989e-03	1.000000e+00	-9.967040e-01
7.049017677750775e-01	3.031411e-01	1.023167e-02	-3.039006e-03	-3.039006e-03	1.000000e+00	-9.969610e-01
7.058783302750775e-01	3.610060e-01	1.022886e-02	-2.725009e-03	-2.725009e-03	1.000000e+00	-9.972750e-01
7.068548927750775e-01	4.175121e-01	1.022638e-02	-2.355216e-03	-2.355216e-03	1.000000e+00	-9.976448e-01
7.078314552750775e-01	4.724468e-01	1.022428e-02	-1.931058e-03	-1.931058e-03	1.000000e+00	-9.980689e-01
7.088080177750775e-01	5.256033e-01	1.022263e-02	-1.454170e-03	-1.454170e-03	1.000000e+00	-9.985458e-01
7.097845802750775e-01	5.767815e-01	1.022147e-02	-9.263838e-04	-9.263838e-04	1.000000e+00	-9.990736e-01
7.107611427750775e-01	6.257889e-01	1.022085e-02	-3.497247e-04	-3.497247e-04	1.000000e+00	-9.996503e-01
7.117377052750775e-01	6.724409e-01	1.022081e-02	2.735989e-04	2.735989e-04	1.000000e+00	-1.000274e+00
7.127142677750775e-01	7.165621e-01	1.022140e-02	9.412027e-04	9.412027e-04	1.000000e+00	-1.000941e+00
7.136908302750775e-01	7.579862e-01	1.022267e-02	1.650536e-03	1.650536e-03	1.000000e+00	-1.001651e+00
7.146673927750775e-01	7.965575e-01	1.022464e-02	2.398890e-03	2.398890e-03	1.000000e+00	-1.002399e+00
7.156439552750775e-01	8.321307e-01	1.022737e-02	3.183411e-03	3.183411e-03	1.000000e+00	-1.003183e+00
7.166205177750775e-01	8.645719e-01	1.023088e-02	4.001106e-03	4.001106e-03	1.000000e+00	-1.004001e+00
7.175970802750775e-01	8.937591e-01	1.023520e-02	4.848861e-03	4.848861e-03	1.000000e+00	-1.004849e+00
7.195502052750775e-01	9.419447e-01	1.024639e-02	6.621530e-03	6.621530e-03	1.000000e+00	-1.006621e+00
7.215033302750775e-01	9.759624e-01	1.026112e-02	8.474447e-03	8.474447e-03	1.000000e+00	-1.008474e+00
7.234564552750775e-01	9.953008e-01	1.027953e-02	1.037943e-02	1.037943e-02	1.000000e+00	-1.010379e+00
7.254095802750775e-01	9.996689e-01	1.030168e-02	1.230753e-02	1.230753e-02	1.000000e+00	-1.012308e+00
7.273627052750775e-01	9.890010e-01	1.032760e-02	1.422942e-02	1.422942e-02	1.000000e+00	-1.014229e+00
7.293158302750775e-01	9.634577e-01	1.035724e-02	1.611589e-02	1.611589e-02	1.000000e+00	-1.016116e+00
7.312689552750775e-01	9.234231e-01	1.039051e-02	1.793825e-02	1.793825e-02	1.000000e+00	-1.017938e+00
7.332220802750775e-01	8.694993e-01	1.042725e-02	1.966879e-02	1.966879e-02	1.000000e+00	-1.019669e+00
7.351752052750775e-01	8.024975e-01	1.046725e-02	2.128115e-02	2.128115e-02	1.000000e+00	-1.021281e+00
7.371283302750775e-01	7.234253e-01	1.051027e-02	2.275079e-02	2.275079e-02	1.000000e+00	-1.022751e+00
7.390814552750775e-01	6.334722e-01	1.055600e-02	2.405526e-02	2.405526e-02	1.000000e+00	-1.024055e+00
7.410345802750775e-01	5.339910e-01	1.060410e-02	2.517466e-02	2.517466e-02	1.000000e+00	-1.025175e+00
7.429877052750775e-01	4.264781e-01	1.065419e-02	2.609180e-02	2.609180e-02	1.000000e+00	-1.026092e+00
7.449408302750775e-01	3.125506e-01	1.070586e-02	2.679260e-02	2.679260e-02	1.000000e+00	-1.026793e+00
7.468939552750775e-01	1.939221e-01	1.075868e-02	2.726619e-02	2.726619e-02	1.000000e+00	-1.027266e+00
7.488470802750775e-01	7.237674e-02	1.081220e-02	2.750513e-02	2.750513e-02	1.000000e+00	-1.027505e+00
7.517767677750775e-01	-1.114059e-01	1.089277e-02	2.741599e-02	2.741599e-02	1.000000e+00	-1.027416e+00
7.537298927750775e-01	-2.322167e-01	1.094600e-02	2.705904e-02	2.705904e-02	1.000000e+00	-1.027059e+00
7.556830177750775e-01	-3.495348e-01	1.099830e-02	2.646944e-02	2.646944e-02	1.000000e+00	-1.026469e+00
7.576361427750775e-01	-4.615956e-01	1.104923e-02	2.565574e-02	2.565574e-02	1.000000e+00	-1.025656e+00
7.595892677750775e-01	-5.667135e-01	1.109836e-02	2.462985e-02	2.462985e-02	1.000000e+00	-1.024630e+00
7.615423927750775e-01	-6.633075e-01	1.114529e-02	2.340689e-02	2.340689e-02	1.000000e+00	-1.023407e+00
7.634955177750775e-01	-7.499248e-01	1.118966e-02	2.200492e-02	2.200492e-02	1.000000e+00	-1.022005e+00
7.654486427750775e-01	-8.252625e-01	1.123113e-02	2.044472e-02	2.044472e-02	1.000000e+00	-1.020445e+00
7.674017677750775e-01	-8.881875e-01	1.126943e-02	1.874941e-02	1.874941e-02	1.000000e+00	-1.018749e+00
7.693548927750775e-01	-9.377533e-01	1.130429e-02	1.694418e-02	1.694418e-02	1.000000e+00	-1.016944e+00
7.713080177750775e-01	-9.732144e-01	1.133555e-02	1.505586e-02	1.505586e-02	1.000000e+00	-1.015056e+00
7.732611427750775e-01	-9.940376e-01	1.136307e-02	1.311252e-02	1.311252e-02	1.000000e+00	-1.013113e+00
7.752142677750775e-01	-9.999094e-01	1.138675e-02	1.114307e-02	1.114307e-02	1.000000e+00	-1.011143e+00
7.771673927750775e-01	-9.907417e-01	1.140660e-02	9.176790e-03	9.176790e-03	1.000000e+00	-1.009177e+00
7.791205177750775e-01	-9.666722e-01	1.142262e-02	7.242941e-03	7.242941e-03	1.000000e+00	-1.007243e+00
7.810736427750775e-01	-9.280632e-01	1.143493e-02	5.370277e-03	5.370277e-03	1.000000e+00	-1.005370e+00
7.820502052750775e-01	-9.034795e-01	1.143974e-02	4.465636e-03	4.465636e-03	1.000000e+00	-1.004466e+00
7.830267677750775e-01	-8.754952e-01	1.144367e-02	3.586636e-03	3.586636e-03	1.000000e+00	-1.003587e+00
7.840033302750775e-01	-8.442158e-01	1.144675e-02	2.736544e-03	2.736544e-03	1.000000e+00	-1.002737e+00
7.849798927750775e-01	-8.097590e-01	1.144903e-02	1.918517e-03	1.918517e-03	1.000000e+00	-1.001919e+00
7.859564552750775e-01	-7.722543e-01	1.145052e-02	1.135593e-03	1.135593e-03	1.000000e+00	-1.001136e+00
7.869330177750775e-01	-7.318432e-01	1.145126e-02	3.906786e-04	3.906786e-04	1.000000e+00	-1.000391e+00
7.879095802750775e-01	-6.886775e-01	1.145130e-02	-3.134653e-04	-3.134653e-04	1.000000e+00	-9.996865e-01
7.888861427750775e-01	-6.429198e-01	1.145067e-02	-9.742295e-04	-9.742295e-04	1.000000e+00	-9.990258e-01
7.898627052750775e-01	-5.947422e-01	1.144942e-02	-1.589168e-03	-1.589168e-03	1.000000e+00	-9.984108e-01
7.908392677750775e-01	-5.443263e-01	1.144759e-02	-2.156009e-03	-2.156009e-03	1.000000e+00	-9.978440e-01
7.918158302750775e-01	-4.918616e-01	1.144524e-02	-2.672660e-03	-2.672660e-03	1.000000e+00	-9.973273e-01
7.927923927750775e-01	-4.375456e-01	1.144240e-02	-3.137218e-03	-3.137218e-03	1.000000e+00	-9.968628e-01
7.937689552750775e-01	-3.815828e-01	1.143913e-02	-3.547976e-03	-3.547976e-03	1.000000e+00	-9.964520e-01
7.947455177750775e-01	-3.241839e-01	1.143550e-02	-3.903430e-03	-3.903430e-03	1.000000e+00	-9.960966e-01
7.957220802750775e-01	-2.655647e-01	1.143154e-02	-4.202284e-03	-4.202284e-03	1.000000e+00	-9.957977e-01
7.966986427750775e-01	-2.059461e-01	1.142732e-02	-4.443454e-03	-4.443454e-03	1.000000e+00	-9.955565e-01
7.976752052750775e-01	-1.455523e-01	1.142289e-02	-4.626076e-03	-4.626076e-03	1.000000e+00	-9.953739e-01
7.986517677750775e-01	-8.461065e-02	1.141831e-02	-4.749503e-03	-4.749503e-03	1.000000e+00	-9.952505e-01
7.996283302750775e-01	-2.335058e-02	1.141364e-02	-4.813312e-03	-4.813312e-03	1.000000e+00	-9.951867e-01
8.006048927750775e-01	3.799738e-02	1.140894e-02	-4.817306e-03	-4.817306e-03	1.000000e+00	-9.951827e-01
8.015814552750775e-01	9.920233e-02	1.140426e-02	-4.761511e-03	-4.761511e-03	1.000000e+00	-9.952385e-01
8.025580177750775e-01	1.600339e-01	1.139967e-02	-4.646181e-03	-4.646181e-03	1.000000e+00	-9.953538e-01
8.035345802750775e-01	2.202631e-01	1.139522e-02	-4.471790e-03	-4.471790e-03	1.000000e+00	-9.955282e-01
8.045111427750775e-01	2.796634e-01	1.139096e-02	-4.239036e-03	-4.239036e-03	1.000000e+00	-9.957610e-01
8.054877052750775e-01	3.380110e-01	1.138696e-02	-3.948839e-03	-3.948839e-03	1.000000e+00	-9.960512e-01
8.064642677750775e-01	3.950864e-01	1.138328e-02	-3.602333e-03	-3.602333e-03	1.000000e+00	-9.963977e-01
8.074408302750775e-01	4.506748e-01	1.137996e-02	-3.200864e-03	-3.200864e-03	1.000000e+00	-9.967991e-01
8.084173927750775e-01	5.045670e-01	1.137705e-02	-2.745985e-03	-2.745985e-03	1.000000e+00	-9.972540e-01
8.093939552750775e-01	5.565601e-01	1.137462e-02	-2.239451e-03	-2.239451e-03	1.000000e+00	-9.977605e-01
8.103705177750775e-01	6.064584e-01	1.137270e-02	-1.683210e-03	-1.683210e-03	1.000000e+00	-9.983168e-01
8.113470802750775e-01	6.540742e-01	1.137135e-02	-1.079399e-03	-1.079399e-03	1.000000e+00	-9.989206e-01
8.123236427750775e-01	6.992282e-01	1.137062e-02	-4.303322e-04	-4.303322e-04	1.000000e+00	-9.995697e-01
8.133002052750775e-01	7.417504e-01	1.137053e-02	2.615046e-04	2.615046e-04	1.000000e+00	-1.000261e+00
8.142767677750775e-01	7.814809e-01	1.137115e-02	9.934651e-04	9.934651e-04	1.000000e+00	-1.000993e+00
8.152533302750775e-01	8.182700e-01	1.137249e-02	1.762752e-03	1.762752e-03	1.000000e+00	-1.001763e+00
8.162298927750775e-01	8.519794e-01	1.137461e-02	2.566427e-03	2.566427e-03	1.000000e+00	-1.002566e+00
8.172064552750775e-01	8.824821e-01	1.137752e-02	3.401423e-03	3.401423e-03	1.000000e+00	-1.003401e+00
8.181830177750775e-01	9.096633e-01	1.138126e-02	4.264554e-03	4.264554e-03	1.000000e+00	-1.004265e+00
8.201361427750775e-01	9.536651e-01	1.139134e-02	6.061963e-03	6.061963e-03	1.000000e+00	-1.006062e+00
8.220892677750775e-01	9.833228e-01	1.140499e-02	7.931279e-03	7.931279e-03	1.000000e+00	-1.007931e+00
8.240423927750775e-01	9.981905e-01	1.142235e-02	9.844043e-03	9.844043e-03	1.000000e+00	-1.009844e+00
8.259955177750775e-01	9.980444e-01	1.144346e-02	1.177114e-02	1.177114e-02	1.000000e+00	-1.011771e+00
8.279486427750775e-01	9.828868e-01	1.146832e-02	1.368325e-02	1.368325e-02	1.000000e+00	-1.013683e+00
8.299017677750775e-01	9.529456e-01	1.149688e-02	1.555126e-02	1.555126e-02	1.000000e+00	-1.015551e+00
8.318548927750775e-01	9.086714e-01	1.152901e-02	1.734672e-02	1.734672e-02	1.000000e+00	-1.017347e+00
8.338080177750775e-01	8.507298e-01	1.156456e-02	1.904231e-02	1.904231e-02	1.000000e+00	-1.019042e+00
8.357611427750775e-01	7.799925e-01	1.160331e-02	2.061214e-02	2.061214e-02	1.000000e+00	-1.020612e+00
8.377142677750775e-01	6.975233e-01	1.164497e-02	2.203229e-02	2.203229e-02	1.000000e+00	-1.022032e+00
8.396673927750775e-01	6.045628e-01	1.168924e-02	2.328103e-02	2.328103e-02	1.000000e+00	-1.023281e+00
8.416205177750775e-01	5.025091e-01	1.173577e-02	2.433923e-02	2.433923e-02	1.000000e+00	-1.024339e+00
8.435736427750775e-01	3.928971e-01	1.178417e-02	2.519063e-02	2.519063e-02	1.000000e+00	-1.025191e+00
8.455267677750775e-01	2.773756e-01	1.183401e-02	2.582208e-02	2.582208e-02	1.000000e+00	-1.025822e+00
8.474798927750775e-01	1.576822e-01	1.188487e-02	2.622373e-02	2.622373e-02	1.000000e+00	-1.026224e+00
8.494330177750775e-01	3.561701e-02	1.193628e-02	2.638919e-02	2.638919e-02	1.000000e+00	-1.026389e+00
8.513861427750775e-01	-8.698385e-02	1.198777e-02	2.631561e-02	2.631561e-02	1.000000e+00	-1.026316e+00
8.533392677750775e-01	-2.082764e-01	1.203890e-02	2.600375e-02	2.600375e-02	1.000000e+00	-1.026004e+00
8.552923927750775e-01	-3.264363e-01	1.208918e-02	2.545796e-02	2.545796e-02	1.000000e+00	-1.025458e+00
8.572455177750775e-01	-4.396862e-01	1.213818e-02	2.468608e-02	2.468608e-02	1.000000e+00	-1.024686e+00
8.591986427750775e-01	-5.463229e-01	1.218545e-02	2.369938e-02	2.369938e-02	1.000000e+00	-1.023699e+00
8.611517677750775e-01	-6.447424e-01	1.223060e-02	2.251234e-02	2.251234e-02	1.000000e+00	-1.022512e+00
8.631048927750775e-01	-7.334644e-01	1.227326e-02	2.114246e-02	2.114246e-02	1.000000e+00	-1.021142e+00
8.650580177750775e-01	-8.111543e-01	1.231307e-02	1.961000e-02	1.961000e-02	1.000000e+00	-1.019610e+00
8.670111427750775e-01	-8.766438e-01	1.234976e-02	1.793763e-02	1.793763e-02	1.000000e+00	-1.017938e+00
8.689642677750775e-01	-9.289477e-01	1.238306e-02	1.615017e-02	1.615017e-02	1.000000e+00	-1.016150e+00
8.709173927750775e-01	-9.672793e-01	1.241278e-02	1.427414e-02	1.427414e-02	1.000000e+00	-1.014274e+00
8.728705177750775e-01	-9.910622e-01	1.243877e-02	1.233740e-02	1.233740e-02	1.000000e+00	-1.012337e+00
8.748236427750775e-01	-9.999386e-01	1.246095e-02	1.036872e-02	1.036872e-02	1.000000e+00	-1.010369e+00
8.767767677750775e-01	-9.937750e-01	1.247927e-02	8.397359e-03	8.397359e-03	1.000000e+00	-1.008397e+00
8.787298927750775e-01	-9.726641e-01	1.249377e-02	6.452605e-03	6.452605e-03	1.000000e+00	-1.006453e+00
8.806830177750775e-01	-9.369234e-01	1.250452e-02	4.563348e-03	4.563348e-03	1.000000e+00	-1.004563e+00
8.816595802750775e-01	-9.137264e-01	1.250853e-02	3.648343e-03	3.648343e-03	1.000000e+00	-1.003648e+00
8.826361427750775e-01	-8.870905e-01	1.251166e-02	2.757645e-03	2.757645e-03	1.000000e+00	-1.002758e+00
8.836127052750775e-01	-8.571157e-01	1.251393e-02	1.894562e-03	1.894562e-03	1.000000e+00	-1.001895e+00
8.845892677750775e-01	-8.239149e-01	1.251537e-02	1.062295e-03	1.062295e-03	1.000000e+00	-1.001062e+00
8.855658302750775e-01	-7.876132e-01	1.251602e-02	2.639339e-04	2.639339e-04	1.000000e+00	-1.000264e+00
8.865423927750775e-01	-7.483469e-01	1.251591e-02	-4.975634e-04	-4.975634e-04	1.000000e+00	-9.995024e-01
8.875189552750775e-01	-7.062641e-01	1.251507e-02	-1.219376e-03	-1.219376e-03	1.000000e+00	-9.987806e-01
8.884955177750775e-01	-6.615231e-01	1.251354e-02	-1.898832e-03	-1.898832e-03	1.000000e+00	-9.981012e-01
8.894720802750775e-01	-6.142923e-01	1.251138e-02	-2.533419e-03	-2.533419e-03	1.000000e+00	-9.974666e-01
8.904486427750775e-01	-5.647493e-01	1.250862e-02	-3.120795e-03	-3.120795e-03	1.000000e+00	-9.968792e-01
8.914252052750775e-01	-5.130808e-01	1.250531e-02	-3.658795e-03	-3.658795e-03	1.000000e+00	-9.963412e-01
8.924017677750775e-01	-4.594812e-01	1.250150e-02	-4.145439e-03	-4.145439e-03	1.000000e+00	-9.958546e-01
8.933783302750775e-01	-4.041522e-01	1.249724e-02	-4.578940e-03	-4.578940e-03	1.000000e+00	-9.954211e-01
8.943548927750775e-01	-3.473021e-01	1.249258e-02	-4.957713e-03	-4.957713e-03	1.000000e+00	-9.950423e-01
8.953314552750775e-01	-2.891448e-01	1.248758e-02	-5.280378e-03	-5.280378e-03	1.000000e+00	-9.947196e-01
8.963080177750775e-01	-2.298992e-01	1.248230e-02	-5.545766e-03	-5.545766e-03	1.000000e+00	-9.944542e-01
8.972845802750775e-01	-1.697883e-01	1.247678e-02	-5.752924e-03	-5.752924e-03	1.000000e+00	-9.942471e-01
8.982611427750775e-01	-1.090384e-01	1.247109e-02	-5.901117e-03	-5.901117e-03	1.000000e+00	-9.940989e-01
8.992377052750775e-01	-4.787808e-02	1.246528e-02	-5.989835e-03	-5.989835e-03	1.000000e+00	-9.940102e-01
9.002142677750775e-01	1.346243e-02	1.245942e-02	-6.018788e-03	-6.018788e-03	1.000000e+00	-9.939812e-01
9.011908302750775e-01	7.475228e-02	1.245356e-02	-5.987913e-03	-5.987913e-03	1.000000e+00	-9.940121e-01
9.021673927750775e-01	1.357608e-01	1.244775e-02	-5.897374e-03	-5.897374e-03	1.000000e+00	-9.941027e-01
9.031439552750775e-01	1.962583e-01	1.244207e-02	-5.747555e-03	-5.747555e-03	1.000000e+00	-9.942524e-01
9.041205177750775e-01	2.560171e-01	1.243656e-02	-5.539068e-03	-5.539068e-03	1.000000e+00	-9.944609e-01
9.050970802750775e-01	3.148124e-01	1.243128e-02	-5.272741e-03	-5.272741e-03	1.000000e+00	-9.947273e-01
9.060736427750775e-01	3.724228e-01	1.242629e-02	-4.949626e-03	-4.949626e-03	1.000000e+00	-9.950504e-01
9.070502052750775e-01	4.286314e-01	1.242164e-02	-4.570982e-03	-4.570982e-03	1.000000e+00	-9.954290e-01
9.080267677750775e-01	4.832268e-01	1.241738e-02	-4.138282e-03	-4.138282e-03	1.000000e+00	-9.958617e-01
9.090033302750775e-01	5.360035e-01	1.241358e-02	-3.653200e-03	-3.653200e-03	1.000000e+00	-9.963468e-01
9.099798927750775e-01	5.867627e-01	1.241027e-02	-3.117608e-03	-3.117608e-03	1.000000e+00	-9.968824e-01
9.109564552750775e-01	6.353135e-01	1.240751e-02	-2.533568e-03	-2.533568e-03	1.000000e+00	-9.974664e-01
9.119330177750775e-01	6.814731e-01	1.240535e-02	-1.903324e-03	-1.903324e-03	1.000000e+00	-9.980967e-01
9.129095802750775e-01	7.250678e-01	1.240382e-02	-1.229295e-03	-1.229295e-03	1.000000e+00	-9.987707e-01
9.138861427750775e-01	7.659335e-01	1.240297e-02	-5.140641e-04	-5.140641e-04	1.000000e+00	-9.994859e-01
9.148627052750775e-01	8.039165e-01	1.240283e-02	2.396309e-04	2.396309e-04	1.000000e+00	-1.000240e+00
9.158392677750775e-01	8.388736e-01	1.240345e-02	1.028907e-03	1.028907e-03	1.000000e+00	-1.001029e+00
9.168158302750775e-01	8.706734e-01	1.240486e-02	1.850746e-03	1.850746e-03	1.000000e+00	-1.001851e+00
9.177923927750775e-01	8.991962e-01	1.240708e-02	2.702010e-03	2.702010e-03	1.000000e+00	-1.002702e+00
9.187689552750775e-01	9.243346e-01	1.241015e-02	3.579447e-03	3.579447e-03	1.000000e+00	-1.003579e+00
9.207220802750775e-01	9.640930e-01	1.241891e-02	5.399361e-03	5.399361e-03	1.000000e+00	-1.005399e+00
9.226752052750775e-01	9.893506e-01	1.243129e-02	7.282742e-03	7.282742e-03	1.000000e+00	-1.007283e+00
9.246283302750775e-01	9.997273e-01	1.244738e-02	9.200891e-03	9.200891e-03	1.000000e+00	-1.009201e+00
9.265814552750775e-01	9.950673e-01	1.246723e-02	1.112458e-02	1.112458e-02	1.000000e+00	-1.011125e+00
9.285345802750775e-01	9.754405e-01	1.249082e-02	1.302451e-02	1.302451e-02	1.000000e+00	-1.013025e+00
9.304877052750775e-01	9.411421e-01	1.251807e-02	1.487173e-02	1.487173e-02	1.000000e+00	-1.014872e+00
9.324408302750775e-01	8.926882e-01	1.254885e-02	1.663807e-02	1.663807e-02	1.000000e+00	-1.016638e+00
9.343939552750775e-01	8.308073e-01	1.258298e-02	1.829660e-02	1.829660e-02	1.000000e+00	-1.018297e+00
9.363470802750775e-01	7.564304e-01	1.262023e-02	1.982199e-02	1.982199e-02	1.000000e+00	-1.019822e+00
9.383002052750775e-01	6.706760e-01	1.266030e-02	2.119092e-02	2.119092e-02	1.000000e+00	-1.021191e+00
9.402533302750775e-01	5.748340e-01	1.270287e-02	2.238243e-02	2.238243e-02	1.000000e+00	-1.022382e+00
9.422064552750775e-01	4.703460e-01	1.274759e-02	2.337821e-02	2.337821e-02	1.000000e+00	-1.023378e+00
9.441595802750775e-01	3.587836e-01	1.279404e-02	2.416292e-02	2.416292e-02	1.000000e+00	-1.024163e+00
9.461127052750775e-01	2.418247e-01	1.284181e-02	2.472437e-02	2.472437e-02	1.000000e+00	-1.024724e+00
9.480658302750775e-01	1.212286e-01	1.289045e-02	2.505374e-02	2.505374e-02	1.000000e+00	-1.025054e+00
9.500189552750775e-01	-1.190995e-03	1.293950e-02	2.514569e-02	2.514569e-02	1.000000e+00	-1.025146e+00
9.519720802750775e-01	-1.235926e-01	1.298850e-02	2.499846e-02	2.499846e-02	1.000000e+00	-1.024998e+00
9.539252052750775e-01	-2.441353e-01	1.303698e-02	2.461389e-02	2.461389e-02	1.000000e+00	-1.024614e+00
9.558783302750775e-01	-3.610060e-01	1.308448e-02	2.399737e-02	2.399737e-02	1.000000e+00	-1.023997e+00
9.578314552750775e-01	-4.724468e-01	1.313055e-02	2.315780e-02	2.315780e-02	1.000000e+00	-1.023158e+00
9.597845802750775e-01	-5.767815e-01	1.317478e-02	2.210743e-02	2.210743e-02	1.000000e+00	-1.022107e+00
9.617377052750775e-01	-6.724409e-01	1.321677e-02	2.086167e-02	2.086167e-02	1.000000e+00	-1.020862e+00
9.636908302750775e-01	-7.579862e-01	1.325614e-02	1.943888e-02	1.943888e-02	1.000000e+00	-1.019439e+00
9.656439552750775e-01	-8.321307e-01	1.329259e-02	1.786006e-02	1.786006e-02	1.000000e+00	-1.017860e+00
9.666205177750775e-01	-8.645719e-01	1.330962e-02	1.701937e-02	1.701937e-02	1.000000e+00	-1.017019e+00
9.685736427750775e-01	-9.195824e-01	1.334115e-02	1.525097e-02	1.525097e-02	1.000000e+00	-1.015251e+00
9.705267677750775e-01	-9.607615e-01	1.336912e-02	1.338858e-02	1.338858e-02	1.000000e+00	-1.013389e+00
9.724798927750775e-01	-9.874899e-01	1.339340e-02	1.145983e-02	1.145983e-02	1.000000e+00	-1.011460e+00
9.744330177750775e-01	-9.993655e-01	1.341386e-02	9.493343e-03	9.493343e-03	1.000000e+00	-1.009493e+00
9.763861427750775e-01	-9.962097e-01	1.343047e-02	7.518305e-03	7.518305e-03	1.000000e+00	-1.007518e+00
9.783392677750775e-01	-9.780700e-01	1.344324e-02	5.564039e-03	5.564039e-03	1.000000e+00	-1.005564e+00
9.802923927750775e-01	-9.452192e-01	1.345224e-02	3.659550e-03	3.659550e-03	1.000000e+00	-1.003660e+00
9.812689552750775e-01	-9.234231e-01	1.345537e-02	2.734844e-03	2.734844e-03	1.000000e+00	-1.002735e+00
9.822455177750775e-01	-8.981515e-01	1.345760e-02	1.833097e-03	1.833097e-03	1.000000e+00	-1.001833e+00
9.832220802750775e-01	-8.694993e-01	1.345896e-02	9.576540e-04	9.576540e-04	1.000000e+00	-1.000958e+00
9.841986427750775e-01	-8.375747e-01	1.345948e-02	1.117618e-04	1.117618e-04	1.000000e+00	-1.000112e+00
9.851752052750775e-01	-8.024975e-01	1.345919e-02	-7.014447e-04	-7.014447e-04	1.000000e+00	-9.992986e-01
9.861517677750775e-01	-7.643999e-01	1.345813e-02	-1.478954e-03	-1.478954e-03	1.000000e+00	-9.985210e-01
9.871283302750775e-01	-7.234253e-01	1.345632e-02	-2.217887e-03	-2.217887e-03	1.000000e+00	-9.977821e-01
9.881048927750775e-01	-6.797279e-01	1.345382e-02	-2.915513e-03	-2.915513e-03	1.000000e+00	-9.970845e-01
9.890814552750775e-01	-6.334722e-01	1.345065e-02	-3.569255e-03	-3.569255e-03	1.000000e+00	-9.964308e-01
9.900580177750775e-01	-5.848322e-01	1.344687e-02	-4.176700e-03	-4.176700e-03	1.000000e+00	-9.958233e-01
9.910345802750775e-01	-5.339910e-01	1.344252e-02	-4.735611e-03	-4.735611e-03	1.000000e+00	-9.952644e-01
9.920111427750775e-01	-4.811400e-01	1.343764e-02	-5.243935e-03	-5.243935e-03	1.000000e+00	-9.947560e-01
9.929877052750775e-01	-4.264781e-01	1.343230e-02	-5.699805e-03	-5.699805e-03	1.000000e+00	-9.943002e-01
9.939642677750775e-01	-3.702111e-01	1.342654e-02	-6.101557e-03	-6.101557e-03	1.000000e+00	-9.938985e-01
9.949408302750775e-01	-3.125506e-01	1.342041e-02	-6.447725e-03	-6.447725e-03	1.000000e+00	-9.935523e-01
9.959173927750775e-01	-2.537138e-01	1.341397e-02	-6.737058e-03	-6.737058e-03	1.000000e+00	-9.932629e-01
9.968939552750775e-01	-1.939221e-01	1.340728e-02	-6.968514e-03	-6.968514e-03	1.000000e+00	-9.930315e-01
9.978705177750775e-01	-1.334005e-01	1.340039e-02	-7.141272e-03	-7.141272e-03	1.000000e+00	-9.928587e-01
9.988470802750775e-01	-7.237674e-02	1.339336e-02	-7.254730e-03	-7.254730e-03	1.000000e+00	-9.927453e-01
9.998236427750775e-01	-1.108062e-02	1.338625e-02	-7.320780e-03	-7.320780e-03	1.000000e+00	-9.926792e-01
1.000000000000000e+00	-2.449294e-15	1.338496e-02	-7.326820e-03	-7.326820e-03	1.000000e+00	-9.926732e-01
