time	d	a	c	R1	R2	R3	L2	C2	V1
0	0	0	0	0	0	0	0	0	0
1e-06	0.0387799	0.0387839	0.0627905	6.46332e-06	-1.20033e-05	-5.53999e-06	0	-1.20029e-05	-1.20033e-05
2e-06	0.0774068	0.0774147	0.125333	1.29011e-05	-2.39592e-05	-1.10581e-05	-1.00028e-14	-2.39611e-05	-2.39592e-05
3e-06	0.115728	0.11574	0.187381	1.9288e-05	-3.58206e-05	-1.65326e-05	-1.9866e-14	-3.58075e-05	-3.58206e-05
4e-06	0.153593	0.153609	0.24869	2.55988e-05	-4.75407e-05	-2.19418e-05	-2.95508e-14	-4.75198e-05	-4.75407e-05
5e-06	0.190852	0.190871	0.309017	3.18086e-05	-5.90731e-05	-2.72645e-05	-3.90191e-14	-5.9098e-05	-5.90731e-05
6e-06	0.227357	0.22738	0.368125	3.78928e-05	-7.03724e-05	-3.24796e-05	-4.82335e-14	-7.03633e-05	-7.03724e-05
7e-06	0.262965	0.262991	0.425779	4.38275e-05	-8.13939e-05	-3.75664e-05	-5.71571e-14	-8.14498e-05	-8.13939e-05
8e-06	0.297535	0.297565	0.481754	4.95892e-05	-9.20943e-05	-4.25051e-05	-6.57554e-14	-9.20892e-05	-9.20943e-05
9e-06	0.330932	0.330964	0.535827	5.51553e-05	-0.000102431	-4.72759e-05	-7.39936e-14	-0.00010246	-0.000102431
1e-05	0.363022	0.363058	0.587785	6.05036e-05	-0.000112364	-5.18603e-05	-8.18402e-14	-0.000112385	-0.000112364
1.1e-05	0.393679	0.393718	0.637424	6.56132e-05	-0.000121853	-5.62399e-05	-8.92636e-14	-0.000121862	-0.000121853
1.2e-05	0.422783	0.422824	0.684547	7.04639e-05	-0.000130861	-6.03976e-05	-9.62348e-14	-0.000130802	-0.000130861
1.3e-05	0.450219	0.450262	0.728969	7.50364e-05	-0.000139353	-6.43169e-05	-1.02726e-13	-0.000139385	-0.000139353
1.4e-05	0.475877	0.475923	0.770513	7.93128e-05	-0.000147295	-6.79824e-05	-1.08713e-13	-0.000147253	-0.000147295
1.5e-05	0.499658	0.499705	0.809017	8.32763e-05	-0.000154656	-7.13797e-05	-1.1417e-13	-0.000154674	-0.000154656
1.6e-05	0.521466	0.521516	0.844328	8.6911e-05	-0.000161406	-7.44952e-05	-1.19076e-13	-0.000161469	-0.000161406
1.7e-05	0.541217	0.541268	0.876307	9.02028e-05	-0.00016752	-7.73167e-05	-1.23413e-13	-0.000167549	-0.00016752
1.8e-05	0.558832	0.558884	0.904827	9.31386e-05	-0.000172972	-7.98331e-05	-1.27161e-13	-0.000172913	-0.000172972
1.9e-05	0.574241	0.574294	0.929777	9.57068e-05	-0.000177741	-8.20344e-05	-1.30309e-13	-0.000177741	-0.000177741
2e-05	0.587384	0.587438	0.951057	9.78973e-05	-0.000181809	-8.3912e-05	-1.32842e-13	-0.000181854	-0.000181809
2.1e-05	0.598209	0.598263	0.968583	9.97015e-05	-0.00018516	-8.54584e-05	-1.34751e-13	-0.000185072	-0.00018516
2.2e-05	0.606673	0.606728	0.982287	0.000101112	-0.00018778	-8.66676e-05	-1.36028e-13	-0.000187755	-0.00018778
2.3e-05	0.612743	0.612798	0.992115	0.000102124	-0.000189659	-8.75347e-05	-1.36669e-13	-0.000189722	-0.000189659
2.4e-05	0.616395	0.616449	0.998027	0.000102732	-0.000190789	-8.80564e-05	-1.3667e-13	-0.000190794	-0.000190789
2.5e-05	0.617614	0.617668	1	0.000102936	-0.000191166	-8.82305e-05	-1.36031e-13	-0.000191152	-0.000191166
2.6e-05	0.616395	0.616449	0.998027	0.000102733	-0.000190789	-8.80565e-05	-1.34755e-13	-0.000190794	-0.000190789
2.7e-05	0.612745	0.612797	0.992115	0.000102124	-0.000189659	-8.75349e-05	-1.32848e-13	-0.000189722	-0.000189659
2.8e-05	0.606675	0.606726	0.982287	0.000101113	-0.00018778	-8.66679e-05	-1.30316e-13	-0.000187755	-0.00018778
2.9e-05	0.598212	0.598261	0.968583	9.9702e-05	-0.000185161	-8.54589e-05	-1.2717e-13	-0.000185072	-0.000185161
3e-05	0.587388	0.587435	0.951056	9.7898e-05	-0.00018181	-8.39125e-05	-1.23422e-13	-0.000181675	-0.00018181
3.1e-05	0.574245	0.574291	0.929776	9.57076e-05	-0.000177743	-8.20351e-05	-1.19088e-13	-0.000177741	-0.000177743
3.2e-05	0.558837	0.55888	0.904827	9.31395e-05	-0.000172973	-7.98338e-05	-1.14184e-13	-0.000173092	-0.000172973
3.3e-05	0.541223	0.541264	0.876306	9.02038e-05	-0.000167521	-7.73175e-05	-1.08729e-13	-0.00016737	-0.000167521
3.4e-05	0.521473	0.521511	0.844328	8.69121e-05	-0.000161408	-7.44961e-05	-1.02743e-13	-0.000161469	-0.000161408
3.5e-05	0.499665	0.4997	0.809017	8.32775e-05	-0.000154658	-7.13807e-05	-9.62539e-14	-0.000154674	-0.000154658
3.6e-05	0.475885	0.475918	0.770513	7.93141e-05	-0.000147298	-6.79835e-05	-8.92832e-14	-0.000147343	-0.000147298
3.7e-05	0.450227	0.450256	0.728968	7.50378e-05	-0.000139356	-6.43181e-05	-8.18606e-14	-0.000139385	-0.000139356
3.8e-05	0.422792	0.422818	0.684547	7.04653e-05	-0.000130864	-6.03989e-05	-7.40146e-14	-0.000130892	-0.000130864
3.9e-05	0.393689	0.393712	0.637424	6.56148e-05	-0.000121856	-5.62412e-05	-6.57766e-14	-0.000121862	-0.000121856
4e-05	0.363032	0.363051	0.587785	6.05053e-05	-0.000112367	-5.18617e-05	-5.7179e-14	-0.000112295	-0.000112367
4.1e-05	0.330942	0.330957	0.535826	5.5157e-05	-0.000102434	-4.72774e-05	-4.82559e-14	-0.00010246	-0.000102434
4.2e-05	0.297546	0.297558	0.481753	4.9591e-05	-9.20976e-05	-4.25066e-05	-3.9043e-14	-9.20892e-05	-9.20976e-05
4.3e-05	0.262976	0.262984	0.425779	4.38293e-05	-8.13973e-05	-3.7568e-05	-2.95752e-14	-8.13603e-05	-8.13973e-05
4.4e-05	0.227368	0.227372	0.368124	3.78947e-05	-7.03759e-05	-3.24812e-05	-1.98909e-14	-7.03633e-05	-7.03759e-05
4.5e-05	0.190863	0.190863	0.309016	3.18105e-05	-5.90766e-05	-2.72661e-05	-1.00283e-14	-5.9098e-05	-5.90766e-05
4.6e-05	0.153605	0.153601	0.248689	2.56008e-05	-4.75443e-05	-2.19435e-05	-2.59637e-17	-4.75198e-05	-4.75443e-05
4.7e-05	0.11574	0.115732	0.187381	1.929e-05	-3.58243e-05	-1.65343e-05	1.00768e-14	-3.58298e-05	-3.58243e-05
4.8e-05	0.0774187	0.0774066	0.125332	1.29031e-05	-2.39629e-05	-1.10598e-05	2.02395e-14	-2.39611e-05	-2.39629e-05
4.9e-05	0.0387919	0.0387757	0.0627897	6.46532e-06	-1.2007e-05	-5.5417e-06	3.04225e-14	-1.20029e-05	-1.2007e-05
5e-05	1.20073e-05	-8.26803e-06	-8.3496e-07	2.00121e-09	-3.71653e-09	-1.71532e-09	4.05855e-14	-3.7162e-09	-3.71653e-09
5.1e-05	-0.0387679	-0.0387922	-0.0627914	-6.46132e-06	1.19996e-05	5.53827e-06	5.06882e-14	1.20029e-05	1.19996e-05
5.2e-05	-0.0773948	-0.077423	-0.125334	-1.28991e-05	2.39555e-05	1.10564e-05	6.0691e-14	2.39611e-05	2.39555e-05
5.3e-05	-0.115716	-0.115748	-0.187382	-1.9286e-05	3.58169e-05	1.65309e-05	7.05543e-14	3.58075e-05	3.58169e-05
5.4e-05	-0.153581	-0.153617	-0.248691	-2.55968e-05	4.7537e-05	2.19401e-05	8.02391e-14	4.75645e-05	4.7537e-05
5.5e-05	-0.19084	-0.190879	-0.309018	-3.18066e-05	5.90694e-05	2.72628e-05	8.97074e-14	5.90533e-05	5.90694e-05
5.6e-05	-0.227345	-0.227388	-0.368125	-3.78908e-05	7.03687e-05	3.24779e-05	9.89214e-14	7.03633e-05	7.03687e-05
5.7e-05	-0.262953	-0.263	-0.42578	-4.38255e-05	8.13902e-05	3.75647e-05	1.07845e-13	8.13603e-05	8.13902e-05
5.8e-05	-0.297523	-0.297573	-0.481755	-4.95872e-05	9.20906e-05	4.25034e-05	1.16444e-13	9.20892e-05	9.20906e-05
5.9e-05	-0.33092	-0.330973	-0.535828	-5.51533e-05	0.000102427	4.72742e-05	1.24683e-13	0.00010246	0.000102427
6e-05	-0.36301	-0.363066	-0.587786	-6.05016e-05	0.00011236	5.18585e-05	1.32529e-13	0.000112385	0.00011236
6.1e-05	-0.393667	-0.393726	-0.637425	-6.56112e-05	0.000121849	5.62382e-05	1.39953e-13	0.000121862	0.000121849
6.2e-05	-0.422771	-0.422832	-0.684548	-7.04618e-05	0.000130858	6.03959e-05	1.46924e-13	0.000130892	0.000130858
6.3e-05	-0.450206	-0.45027	-0.728969	-7.50344e-05	0.00013935	6.43152e-05	1.53415e-13	0.000139385	0.00013935
6.4e-05	-0.475865	-0.475931	-0.770514	-7.93108e-05	0.000147292	6.79807e-05	1.59401e-13	0.000147343	0.000147292
6.5e-05	-0.499645	-0.499713	-0.809018	-8.32742e-05	0.000154652	7.13779e-05	1.64858e-13	0.000154674	0.000154652
6.6e-05	-0.521454	-0.521524	-0.844328	-8.6909e-05	0.000161402	7.44934e-05	1.69764e-13	0.000161469	0.000161402
6.7e-05	-0.541205	-0.541276	-0.876307	-9.02008e-05	0.000167516	7.73149e-05	1.741e-13	0.000167549	0.000167516
6.8e-05	-0.558819	-0.558892	-0.904827	-9.31366e-05	0.000172968	7.98313e-05	1.77849e-13	0.000172913	0.000172968
6.9e-05	-0.574229	-0.574302	-0.929777	-9.57048e-05	0.000177737	8.20327e-05	1.80996e-13	0.000177741	0.000177737
7e-05	-0.587372	-0.587446	-0.951057	-9.78953e-05	0.000181805	8.39102e-05	1.8353e-13	0.000181854	0.000181805
7.1e-05	-0.598197	-0.598271	-0.968583	-9.96994e-05	0.000185156	8.54567e-05	1.85439e-13	0.000185072	0.000185156
7.2e-05	-0.606661	-0.606736	-0.982287	-0.00010111	0.000187776	8.66658e-05	1.86715e-13	0.000187755	0.000187776
7.3e-05	-0.612731	-0.612805	-0.992115	-0.000102122	0.000189655	8.75329e-05	1.87356e-13	0.000189722	0.000189655
7.4e-05	-0.616382	-0.616457	-0.998027	-0.00010273	0.000190785	8.80546e-05	1.87357e-13	0.000190794	0.000190785
7.5e-05	-0.617601	-0.617675	-1	-0.000102934	0.000191162	8.82288e-05	1.86718e-13	0.000191152	0.000191162
7.6e-05	-0.616383	-0.616456	-0.998027	-0.00010273	0.000190785	8.80547e-05	1.85443e-13	0.000190794	0.000190785
7.7e-05	-0.612732	-0.612804	-0.992115	-0.000102122	0.000189655	8.75331e-05	1.83535e-13	0.000189722	0.000189655
7.8e-05	-0.606663	-0.606734	-0.982287	-0.00010111	0.000187777	8.66661e-05	1.81004e-13	0.000187755	0.000187777
7.9e-05	-0.598199	-0.598269	-0.968583	-9.96999e-05	0.000185157	8.54571e-05	1.77857e-13	0.000185072	0.000185157
8e-05	-0.587375	-0.587443	-0.951056	-9.78958e-05	0.000181807	8.39107e-05	1.7411e-13	0.000181854	0.000181807
8.1e-05	-0.574233	-0.574299	-0.929776	-9.57055e-05	0.000177739	8.20332e-05	1.69775e-13	0.000177741	0.000177739
8.2e-05	-0.558824	-0.558888	-0.904827	-9.31373e-05	0.000172969	7.9832e-05	1.6487e-13	0.000172913	0.000172969
8.3e-05	-0.54121	-0.541271	-0.876306	-9.02017e-05	0.000167517	7.73157e-05	1.59414e-13	0.000167549	0.000167517
8.4e-05	-0.52146	-0.521519	-0.844327	-8.691e-05	0.000161404	7.44943e-05	1.5343e-13	0.000161469	0.000161404
8.5e-05	-0.499652	-0.499708	-0.809016	-8.32753e-05	0.000154654	7.13788e-05	1.4694e-13	0.000154674	0.000154654
8.6e-05	-0.475872	-0.475925	-0.770512	-7.9312e-05	0.000147294	6.79817e-05	1.39969e-13	0.000147343	0.000147294
8.7e-05	-0.450214	-0.450264	-0.728968	-7.50357e-05	0.000139352	6.43163e-05	1.32546e-13	0.000139385	0.000139352
8.8e-05	-0.422779	-0.422826	-0.684546	-7.04632e-05	0.00013086	6.0397e-05	1.247e-13	0.000130802	0.00013086
8.9e-05	-0.393676	-0.393719	-0.637423	-6.56126e-05	0.000121852	5.62394e-05	1.16462e-13	0.000121862	0.000121852
9e-05	-0.363019	-0.363058	-0.587784	-6.05031e-05	0.000112363	5.18598e-05	1.07866e-13	0.000112385	0.000112363
9.1e-05	-0.330929	-0.330965	-0.535826	-5.51548e-05	0.00010243	4.72756e-05	9.89425e-14	0.00010246	0.00010243
9.2e-05	-0.297533	-0.297565	-0.481752	-4.95888e-05	9.20936e-05	4.25047e-05	8.97288e-14	9.20892e-05	9.20936e-05
9.3e-05	-0.262963	-0.262991	-0.425778	-4.38272e-05	8.13933e-05	3.75662e-05	8.0261e-14	8.14498e-05	8.13933e-05
9.4e-05	-0.227355	-0.227379	-0.368123	-3.78925e-05	7.03718e-05	3.24793e-05	7.05767e-14	7.0408e-05	7.03718e-05
9.5e-05	-0.19085	-0.19087	-0.309016	-3.18083e-05	5.90726e-05	2.72643e-05	6.07134e-14	5.9098e-05	5.90726e-05
9.6e-05	-0.153592	-0.153608	-0.248688	-2.55986e-05	4.75403e-05	2.19417e-05	5.07106e-14	4.75198e-05	4.75403e-05
9.7e-05	-0.115727	-0.115739	-0.18738	-1.92878e-05	3.58203e-05	1.65324e-05	4.06078e-14	3.58075e-05	3.58203e-05
9.8e-05	-0.0774057	-0.0774138	-0.125332	-1.2901e-05	2.39589e-05	1.1058e-05	3.04452e-14	2.39611e-05	2.39589e-05
9.9e-05	-0.0387789	-0.0387829	-0.0627889	-6.46314e-06	1.2003e-05	5.53984e-06	2.02623e-14	1.20029e-05	1.2003e-05
