time	N013	N003	N004	N009	N008	N001	N005	N006	N010	N007	N011	N014	N016	N017	N002	N015	N012	V1	V2	R1	R2	R3	R4	R5	C1	C2	L1	L2	C4	R6	R7	R8	R9	I1	R10	R11	R12	R13	R14	C5	R15	L3
0	10	10	8.42857	2.57143	3.57143	4.57143	6.85714	5.28571	1.57143	3.71429	3.71429	2.57143	1.57143	2.14286	1.47619	1.80952	6.85714	-0.000157143	-0.000157143	-0.000157143	-0.0001	-0.0001	0.000157143	0.000157143	0.000157143	0	0	0	0	0.0001	0	0.000157143	5.71429e-05	0.0001	0.000157143	-6.66667e-05	-3.33333e-05	-3.33333e-05	0	0	-0.000157143	0.000238419
0.0001	10	12.9389	10.5593	3.37962	4.37962	5.37962	8.17966	6.31435	2.60007	4.66947	4.66939	3.37963	2.37963	3.02451	2.35784	2.69118	7.66535	-0.000237963	-0.000237963	-0.000237963	-0.0001	-0.0001	0.000237963	0.000186532	9.05991e-05	-6.67572e-05	7.85714e-08	7.85714e-08	-0.000126362	0.0001	2.20438e-05	0.000164488	6.44878e-05	0.0001	0.000237963	-6.66667e-05	-3.33333e-05	-3.33333e-05	5.14315e-05	5.24521e-05	-0.000164488	1e-07
0.0002	10	14.7553	11.8762	3.87915	4.87915	5.87915	8.99702	6.95007	3.23579	5.25979	5.2597	3.87913	2.87913	3.56942	2.90275	3.23608	8.16485	-0.000287913	-0.000287913	-0.000287913	-0.0001	-0.0001	0.000287913	0.000204695	0.00017643	-0.000138283	8.22439e-05	8.22439e-05	8.10623e-05	0.0001	3.56665e-05	0.000169029	6.90286e-05	0.0001	0.000287913	-6.66667e-05	-3.33333e-05	-3.33333e-05	8.32177e-05	8.34465e-05	-0.000169029	-1.23668e-05
0.0003	10	14.7553	11.8761	3.87915	4.87915	5.87915	8.99702	6.95006	3.23578	5.25975	5.25975	3.87913	2.87913	3.56944	2.90277	3.23611	8.16484	-0.000287913	-0.000287913	-0.000287913	-0.0001	-0.0001	0.000287913	0.000204696	0.000331402	-0.000298023	8.44357e-05	8.44357e-05	9.77516e-05	0.0001	3.5665e-05	0.000169031	6.90308e-05	0.0001	0.000287913	-6.66667e-05	-3.33333e-05	-3.33333e-05	8.32175e-05	8.34465e-05	-0.000169031	2.0786e-05
0.0004	10	12.9389	10.5593	3.37964	4.37964	5.37964	8.17965	6.31433	2.60006	4.66943	4.66944	3.37964	2.37964	3.02454	2.35787	2.6912	7.66533	-0.000237964	-0.000237964	-0.000237964	-0.0001	-0.0001	0.000237964	0.000186532	0.000641346	-0.000617504	2.27148e-06	2.27148e-06	7.6294e-05	0.0001	2.20421e-05	0.00016449	6.44899e-05	0.0001	0.000237964	-6.66667e-05	-3.33333e-05	-3.33333e-05	5.14318e-05	5.24521e-05	-0.00016449	1.455e-05
0.0005	10	10	8.42857	2.57143	3.57143	4.57143	6.85714	5.28572	1.57145	3.71432	3.71424	2.57143	1.57143	2.14284	1.47617	1.8095	6.85712	-0.000157143	-0.000157143	-0.000157143	-0.0001	-0.0001	0.000157143	0.000157142	0.00125885	-0.00125885	-2.1908e-06	-2.1908e-06	8.82149e-05	0.0001	1.39475e-09	0.00015714	5.71403e-05	0.0001	0.000157143	-6.66667e-05	-3.33333e-05	-3.33333e-05	1.57356e-09	0	-0.00015714	2.64964e-06
0.0006	10	7.06107	6.29785	1.76322	2.76322	3.76322	5.53462	4.25709	0.542823	2.75916	2.75909	1.76323	0.763229	1.26116	0.594491	0.927825	6.04891	-7.63229e-05	-7.63229e-05	-7.63229e-05	-0.0001	-0.0001	7.63229e-05	0.000127752	0.00250638	-0.00252903	7.62987e-05	7.62987e-05	0.000107288	0.0001	-2.20406e-05	0.000149793	4.97929e-05	0.0001	7.63229e-05	-6.66667e-05	-3.33333e-05	-3.33333e-05	-5.14294e-05	-5.126e-05	-0.000149793	-3.71926e-06
0.0007	10	5.24472	4.98099	1.26371	2.26371	3.26371	4.71725	3.62136	-0.0929142	2.16881	2.16882	1.26373	0.263733	0.716275	0.0496084	0.382942	5.54942	-2.63732e-05	-2.63732e-05	-2.63732e-05	-0.0001	-0.0001	2.63732e-05	0.00010959	0.00501759	-0.00505321	7.70873e-05	7.70873e-05	0.000123978	0.0001	-3.56647e-05	0.000145254	4.52543e-05	0.0001	2.63733e-05	-6.66667e-05	-3.33333e-05	-3.33333e-05	-8.32163e-05	-8.34465e-05	-0.000145254	-1.06569e-05
0.0008	10	5.24472	4.98099	1.2637	2.2637	3.2637	4.71726	3.62136	-0.0929151	2.16881	2.16882	1.26373	0.263731	0.716275	0.0496078	0.382941	5.54942	-2.63731e-05	-2.63731e-05	-2.63731e-05	-0.0001	-0.0001	2.63731e-05	0.00010959	0.010053	-0.0100886	-3.67154e-06	-3.67154e-06	0.000140667	0.0001	-3.56646e-05	0.000145254	4.52544e-05	0.0001	2.63731e-05	-6.66667e-05	-3.33333e-05	-3.33333e-05	-8.32167e-05	-8.31485e-05	-0.000145254	-1.98314e-05
0.0009	10	7.06107	6.29785	1.76318	2.76318	3.76318	5.53462	4.2571	0.542821	2.75917	2.75909	1.76322	0.763224	1.26116	0.594489	0.927822	6.04893	-7.63225e-05	-7.63225e-05	-7.63225e-05	-0.0001	-0.0001	7.63224e-05	0.000127753	0.0201309	-0.0201523	-4.46006e-06	-4.46006e-06	0.000162125	0.0001	-2.20403e-05	0.000149793	4.97931e-05	0.0001	7.63224e-05	-6.66667e-05	-3.33333e-05	-3.33333e-05	-5.14303e-05	-5.126e-05	-0.000149793	-3.04714e-05
0.001	10	10	8.42857	2.57137	3.57137	4.57137	6.85714	5.28572	1.57144	3.71432	3.71423	2.57143	1.57143	2.14283	1.47616	1.8095	6.85714	-0.000157143	-0.000157143	-0.000157143	-0.0001	-0.0001	0.000157143	0.000157142	0.0402832	-0.0402832	7.85681e-05	7.85681e-05	0.000188351	0.0001	1.81198e-09	0.00015714	5.71404e-05	0.0001	0.000157143	-6.66667e-05	-3.33333e-05	-3.33333e-05	4.29153e-10	0	-0.00015714	-4.24253e-05
0.0011	10	12.9389	10.5593	3.37956	4.37956	5.37956	8.17966	6.31433	2.60006	4.66944	4.66943	3.37963	2.37963	3.02453	2.35787	2.6912	7.66535	-0.000237963	-0.000237963	-0.000237963	-0.0001	-0.0001	0.000237963	0.000186532	0.080576	-0.0805569	8.30303e-05	8.30303e-05	0.000214577	0.0001	2.20424e-05	0.00016449	6.449e-05	0.0001	0.000237963	-6.66667e-05	-3.33333e-05	-3.33333e-05	5.14308e-05	5.00679e-05	-0.00016449	-5.61966e-05
0.0012	10	14.7553	11.8762	3.87904	4.87904	5.87904	8.99702	6.95006	3.23578	5.25975	5.25975	3.87913	2.87913	3.56944	2.90277	3.23611	8.16485	-0.000287913	-0.000287913	-0.000287913	-0.0001	-0.0001	0.000287913	0.000204696	0.161152	-0.161114	3.67689e-06	3.67689e-06	0.000245571	0.0001	3.5665e-05	0.000169031	6.90309e-05	0.0001	0.000287913	-6.66667e-05	-3.33333e-05	-3.33333e-05	8.32171e-05	8.10623e-05	-0.000169031	-7.22327e-05
0.0013	10	14.7553	11.8762	3.87902	4.87902	5.87902	8.99702	6.95007	3.2358	5.25979	5.2597	3.87913	2.87913	3.56942	2.90275	3.23608	8.16484	-0.000287913	-0.000287913	-0.000287913	-0.0001	-0.0001	0.000287913	0.000204695	0.322285	-0.322247	1.48519e-06	1.48519e-06	0.000283718	0.0001	3.56664e-05	0.000169029	6.90286e-05	0.0001	0.000287913	-6.66667e-05	-3.33333e-05	-3.33333e-05	8.32182e-05	8.34465e-05	-0.000169029	-9.04877e-05
0.0014	10	12.9389	10.5593	3.3795	4.3795	5.3795	8.17966	6.31435	2.60007	4.66947	4.66939	3.37964	2.37964	3.02451	2.35785	2.69118	7.66533	-0.000237964	-0.000237964	-0.000237964	-0.0001	-0.0001	0.000237964	0.000186531	0.644541	-0.644522	8.08374e-05	8.08374e-05	0.000326633	0.0001	2.20436e-05	0.000164488	6.44876e-05	0.0001	0.000237964	-6.66667e-05	-3.33333e-05	-3.33333e-05	5.14325e-05	5.24521e-05	-0.000164488	-0.000111355
0.0015	10	10	8.42857	2.57127	3.57127	4.57127	6.85714	5.28571	1.57144	3.71428	3.71429	2.57144	1.57144	2.14286	1.4762	1.80953	6.85712	-0.000157144	-0.000157144	-0.000157144	-0.0001	-0.0001	0.000157144	0.000157143	1.28906	-1.28906	8.07586e-05	8.07586e-05	0.000374317	0.0001	7.15256e-11	0.000157142	5.71425e-05	0.0001	0.000157144	-6.66667e-05	-3.33333e-05	-3.33333e-05	1.19209e-09	0	-0.000157142	-0.000135488
0.0016	10	7.06108	6.29785	1.76304	2.76304	3.76304	5.53462	4.25708	0.542814	2.75913	2.75914	1.76323	0.763234	1.26119	0.594519	0.927852	6.04891	-7.63234e-05	-7.63234e-05	-7.63234e-05	-0.0001	-0.0001	7.63234e-05	0.000127753	2.57811	-2.57814	-2.26619e-06	-2.26619e-06	0.000430346	0.0001	-2.2042e-05	0.000149795	4.97952e-05	0.0001	7.63234e-05	-6.66667e-05	-3.33333e-05	-3.33333e-05	-5.14298e-05	-5.126e-05	-0.000149795	-0.000163285
0.0017	10	5.24472	4.98099	1.2635	2.2635	3.2635	4.71726	3.62137	-0.0929009	2.16885	2.16877	1.26373	0.263732	0.716253	0.0495862	0.38292	5.54941	-2.63732e-05	-2.63732e-05	-2.63732e-05	-0.0001	-0.0001	2.63732e-05	0.000109589	5.15623	-5.15627	-5.86102e-06	-5.86102e-06	0.000495911	0.0001	-3.56633e-05	0.000145252	4.52521e-05	0.0001	2.63732e-05	-6.66667e-05	-3.33333e-05	-3.33333e-05	-8.32156e-05	-8.31485e-05	-0.000145252	-0.000195119
0.0018	10	5.24471	4.98099	1.26345	2.26345	3.26345	4.71726	3.62137	-0.0929041	2.16885	2.16877	1.26373	0.263728	0.716248	0.0495818	0.382915	5.54942	-2.63728e-05	-2.63728e-05	-2.63728e-05	-0.0001	-0.0001	2.63728e-05	0.000109589	10.3125	-10.3125	7.48922e-05	7.48922e-05	0.000568628	0.0001	-3.56632e-05	0.000145252	4.52521e-05	0.0001	2.63728e-05	-6.66667e-05	-3.33333e-05	-3.33333e-05	-8.32161e-05	-8.31485e-05	-0.000145252	-0.000231715
0.0019	10	7.06106	6.29784	1.7629	2.7629	3.7629	5.53461	4.25708	0.542805	2.75913	2.75913	1.76322	0.763223	1.26118	0.594508	0.927842	6.04892	-7.63223e-05	-7.63223e-05	-7.63223e-05	-0.0001	-0.0001	7.63223e-05	0.000127753	20.625	-20.625	7.84871e-05	7.84871e-05	0.000654459	0.0001	-2.20418e-05	0.000149795	4.97952e-05	0.0001	7.63223e-05	-6.66667e-05	-3.33333e-05	-3.33333e-05	-5.14311e-05	-5.126e-05	-0.000149795	-0.000273903
0.002	10	9.99998	8.42856	2.57105	3.57105	4.57105	6.85713	5.2857	1.57143	3.71428	3.71428	2.57142	1.57142	2.14285	1.47618	1.80952	6.85714	-0.000157142	-0.000157142	-0.000157142	-0.0001	-0.0001	0.000157142	0.000157143	41.25	-41.25	5.37212e-09	5.37212e-09	0.000753403	0.0001	2.02656e-10	0.000157143	5.71426e-05	0.0001	0.000157142	-6.66667e-05	-3.33333e-05	-3.33333e-05	-4.29153e-10	0	-0.000157143	-0.00032227
0.0021	10	12.9389	10.5593	3.37919	4.37919	5.37919	8.17966	6.31434	2.60006	4.66946	4.66938	3.37963	2.37963	3.02451	2.35784	2.69117	7.66534	-0.000237963	-0.000237963	-0.000237963	-0.0001	-0.0001	0.000237963	0.000186531	82.5	-82.5	8.42603e-08	8.42603e-08	0.00086546	0.0001	2.20437e-05	0.000164488	6.44877e-05	0.0001	0.000237963	-6.66667e-05	-3.33333e-05	-3.33333e-05	5.14312e-05	5.00679e-05	-0.000164488	-0.000377931
0.0022	10	14.7553	11.8761	3.87861	4.87861	5.87861	8.99702	6.95007	3.23579	5.25978	5.2597	3.87913	2.87913	3.56941	2.90275	3.23608	8.16484	-0.000287913	-0.000287913	-0.000287913	-0.0001	-0.0001	0.000287913	0.000204695	165	-165	8.22385e-05	8.22385e-05	0.000994206	0.0001	3.56665e-05	0.000169029	6.90286e-05	0.0001	0.000287913	-6.66667e-05	-3.33333e-05	-3.33333e-05	8.32178e-05	8.34465e-05	-0.000169029	-0.000442134
0.0023	10	14.7553	11.8762	3.87853	4.87853	5.87853	8.99702	6.95006	3.23579	5.25975	5.25975	3.87913	2.87913	3.56944	2.90278	3.23611	8.16484	-0.000287914	-0.000287914	-0.000287914	-0.0001	-0.0001	0.000287913	0.000204696	330	-330	8.443e-05	8.443e-05	0.00114203	0.0001	3.5665e-05	0.000169031	6.90307e-05	0.0001	0.000287913	-6.66667e-05	-3.33333e-05	-3.33333e-05	8.32177e-05	8.34465e-05	-0.000169031	-0.000515752
0.0024	10	12.9389	10.5593	3.37894	4.37894	5.37894	8.17965	6.31433	2.60006	4.66944	4.66944	3.37964	2.37964	3.02454	2.35787	2.69121	7.66533	-0.000237964	-0.000237964	-0.000237964	-0.0001	-0.0001	0.000237964	0.000186532	660	-660	2.27687e-06	2.27687e-06	0.0013113	0.0001	2.20421e-05	0.00016449	6.44899e-05	0.0001	0.000237964	-6.66667e-05	-3.33333e-05	-3.33333e-05	5.1432e-05	5.24521e-05	-0.00016449	-0.000600297
0.0025	10	10	8.42857	2.57063	3.57063	4.57063	6.85714	5.28572	1.57145	3.71432	3.71424	2.57144	1.57144	2.14284	1.47617	1.80951	6.85712	-0.000157144	-0.000157144	-0.000157144	-0.0001	-0.0001	0.000157144	0.000157142	1320	-1320	-2.18508e-06	-2.18508e-06	0.00150919	0.0001	1.3113e-09	0.00015714	5.71403e-05	0.0001	0.000157144	-6.66667e-05	-3.33333e-05	-3.33333e-05	1.85966e-09	0	-0.00015714	-0.000697425
0.0026	10	7.06108	6.29785	1.76229	2.76229	3.76229	5.53462	4.25709	0.542828	2.75916	2.75909	1.76323	0.763231	1.26116	0.594492	0.927826	6.04891	-7.63231e-05	-7.63231e-05	-7.63231e-05	-0.0001	-0.0001	7.63231e-05	0.000127752	2640	-2640	7.62933e-05	7.62933e-05	0.0017345	0.0001	-2.20403e-05	0.000149793	4.97928e-05	0.0001	7.63231e-05	-6.66667e-05	-3.33333e-05	-3.33333e-05	-5.14293e-05	-5.126e-05	-0.000149793	-0.000808949
0.0027	10	5.24472	4.98098	1.26265	2.26265	3.26265	4.71725	3.62134	-0.0928939	2.1688	2.16881	1.26374	0.263736	0.716272	0.0496054	0.382939	5.54942	-2.63736e-05	-2.63736e-05	-2.63736e-05	-0.0001	-0.0001	2.63736e-05	0.000109591	5280	-5280	7.70815e-05	7.70815e-05	0.00199437	0.0001	-3.5663e-05	0.000145254	4.52536e-05	0.0001	2.63736e-05	-6.66667e-05	-3.33333e-05	-3.33333e-05	-8.3217e-05	-8.31485e-05	-0.000145254	-0.000937318
0.0028	10	5.24472	4.98098	1.26248	2.26248	3.26248	4.71725	3.62134	-0.0928928	2.1688	2.16881	1.26373	0.263734	0.716271	0.0496038	0.382937	5.54942	-2.63734e-05	-2.63734e-05	-2.63734e-05	-0.0001	-0.0001	2.63734e-05	0.000109591	10560	-10560	-3.66649e-06	-3.66649e-06	0.00229239	0.0001	-3.56627e-05	0.000145254	4.52536e-05	0.0001	2.63734e-05	-6.66667e-05	-3.33333e-05	-3.33333e-05	-8.32175e-05	-8.34465e-05	-0.000145254	-0.00108486
0.0029	10	7.06107	6.29784	1.76178	2.76178	3.76178	5.53462	4.25708	0.542845	2.75915	2.75907	1.76323	0.763228	1.26115	0.594485	0.927818	6.04893	-7.63228e-05	-7.63228e-05	-7.63228e-05	-0.0001	-0.0001	7.63228e-05	0.000127754	21120	-21120	-4.45466e-06	-4.45466e-06	0.00263333	0.0001	-2.20383e-05	0.000149792	4.97923e-05	0.0001	7.63228e-05	-6.66667e-05	-3.33333e-05	-3.33333e-05	-5.14312e-05	-5.126e-05	-0.000149792	-0.0012545
0.003	10	10	8.42856	2.56977	3.56977	4.56977	6.85712	5.28566	1.57152	3.71428	3.7142	2.57144	1.57144	2.14282	1.47615	1.80948	6.85715	-0.000157144	-0.000157144	-0.000157144	-0.0001	-0.0001	0.000157144	0.000157146	42240	-42240	7.85627e-05	7.85627e-05	0.00302792	0.0001	8.52346e-09	0.000157138	5.71379e-05	0.0001	0.000157144	-6.66667e-05	-3.33333e-05	-3.33333e-05	-2.6226e-09	0	-0.000157138	-0.00144948
0.0031	10	12.9389	10.5593	3.37773	4.37773	5.37773	8.17961	6.31417	2.60026	4.66934	4.66933	3.37966	2.37966	3.0245	2.35783	2.69116	7.66538	-0.000237966	-0.000237966	-0.000237966	-0.0001	-0.0001	0.000237966	0.000186543	84480	-84480	8.30236e-05	8.30236e-05	0.00348091	0.0001	2.20596e-05	0.000164484	6.44836e-05	0.0001	0.000237966	-6.66667e-05	-3.33333e-05	-3.33333e-05	5.14228e-05	5.00679e-05	-0.000164484	-0.00167346
0.0032	10	14.7553	11.8762	3.87687	4.87687	5.87687	8.99709	6.95027	3.23552	5.25988	5.25988	3.8791	2.8791	3.56949	2.90282	3.23615	8.16481	-0.00028791	-0.00028791	-0.00028791	-0.0001	-0.0001	0.00028791	0.000204682	168960	-168960	3.67916e-06	3.67916e-06	0.00400066	0.0001	3.56427e-05	0.000169039	6.90391e-05	0.0001	0.00028791	-6.66667e-05	-3.33333e-05	-3.33333e-05	8.32278e-05	8.34465e-05	-0.000169039	-0.001931
0.0033	10	14.7553	11.8763	3.87639	4.87639	5.87639	8.99737	6.95112	3.23451	5.26042	5.26034	3.87896	2.87896	3.56965	2.90298	3.23632	8.16466	-0.000287896	-0.000287896	-0.000287896	-0.0001	-0.0001	0.000287896	0.000204625	337920	-337920	1.49594e-06	1.49594e-06	0.00459671	0.0001	3.55558e-05	0.000169069	6.90693e-05	0.0001	0.000287896	-6.66667e-05	-3.33333e-05	-3.33333e-05	8.32705e-05	8.34465e-05	-0.000169069	-0.00222708
0.0034	10	12.9389	10.5593	3.37663	4.37663	5.37663	8.17974	6.3146	2.59975	4.66962	4.66954	3.37959	2.37959	3.02457	2.3579	2.69123	7.66529	-0.000237959	-0.000237959	-0.000237959	-0.0001	-0.0001	0.000237959	0.000186514	675840	-675840	8.08555e-05	8.08555e-05	0.00528574	0.0001	2.20163e-05	0.000164498	6.44976e-05	0.0001	0.000237959	-6.66667e-05	-3.33333e-05	-3.33333e-05	5.14451e-05	5.00679e-05	-0.000164498	-0.00256736
0.0035	10	9.99999	8.42831	2.56827	3.56827	4.56827	6.85663	5.2842	1.57326	3.71336	3.71336	2.57168	1.57168	2.14252	1.47586	1.80919	6.85737	-0.000157168	-0.000157168	-0.000157168	-0.0001	-0.0001	0.000157168	0.000157242	1.35168e+06	-1.35168e+06	8.07528e-05	8.07528e-05	0.00607491	0.0001	1.58286e-07	0.000157084	5.70841e-05	0.0001	0.000157168	-6.66667e-05	-3.33333e-05	-3.33333e-05	-7.41959e-08	0	-0.000157084	-0.00295833
0.0036	10	7.06106	6.297	1.76014	2.76014	3.76014	5.53294	4.25206	0.548937	2.75606	2.75607	1.76406	0.764064	1.26007	0.593398	0.926732	6.04974	-7.64064e-05	-7.64064e-05	-7.64064e-05	-0.0001	-0.0001	7.64064e-05	0.000128087	2.70336e+06	-2.70336e+06	-2.31346e-06	-2.31346e-06	0.00698328	0.0001	-2.15127e-05	0.0001496	4.96001e-05	0.0001	7.64064e-05	-6.66667e-05	-3.33333e-05	-3.33333e-05	-5.16809e-05	-5.1856e-05	-0.0001496	-0.00340792
0.0037	10	5.24471	4.97898	1.26122	2.26122	3.26122	4.71324	3.60932	-0.0781793	2.16148	2.16141	1.26574	0.265737	0.713573	0.0469063	0.38024	5.55142	-2.65738e-05	-2.65738e-05	-2.65738e-05	-0.0001	-0.0001	2.65737e-05	0.000110392	5.40672e+06	-5.40672e+06	-5.9528e-06	-5.9528e-06	0.00802636	0.0001	-3.43917e-05	0.000144784	4.47836e-05	0.0001	2.65737e-05	-6.66667e-05	-3.33333e-05	-3.33333e-05	-8.38182e-05	-8.37445e-05	-0.000144784	-0.00392464
0.0038	10	5.24472	4.97898	1.26054	2.26054	3.26054	4.71325	3.60932	-0.0781749	2.16149	2.16141	1.26574	0.265738	0.713574	0.0469072	0.380241	5.55143	-2.65738e-05	-2.65738e-05	-2.65738e-05	-0.0001	-0.0001	2.65738e-05	0.000110392	1.08134e+07	-1.08134e+07	7.47053e-05	7.47053e-05	0.00922561	0.0001	-3.43913e-05	0.000144784	4.47836e-05	0.0001	2.65738e-05	-6.66667e-05	-3.33333e-05	-3.33333e-05	-8.38184e-05	-8.37445e-05	-0.000144784	-0.00451861
0.0039	10	7.06109	6.30054	1.75457	2.75457	3.75457	5.53999	4.27317	0.523167	2.76896	2.76896	1.76055	0.760552	1.26476	0.598089	0.931423	6.04625	-7.60551e-05	-7.60551e-05	-7.60551e-05	-0.0001	-0.0001	7.60551e-05	0.000126682	2.16269e+07	-2.16269e+07	7.83446e-05	7.83446e-05	0.0106049	0.0001	-2.37385e-05	0.00015042	5.04205e-05	0.0001	7.60551e-05	-6.66667e-05	-3.33333e-05	-3.33333e-05	-5.06269e-05	-5.0664e-05	-0.00015042	-0.00520131
0.004	10	10	8.43126	2.56187	3.56187	4.56187	6.86251	5.30179	1.55179	3.72411	3.72411	2.56876	1.56876	2.14643	1.47977	1.8131	6.85447	-0.000156876	-0.000156876	-0.000156876	-0.0001	-0.0001	0.000156876	0.000156072	4.32537e+07	-4.32537e+07	5.04977e-07	5.04977e-07	0.012188	0.0001	-1.6963e-06	0.000157768	5.77679e-05	0.0001	0.000156876	-6.66667e-05	-3.33333e-05	-3.33333e-05	8.04043e-07	0	-0.000157768	-0.005986
0.0041	10	12.9389	10.5807	3.35028	4.35028	5.35028	8.22253	6.44293	2.44293	4.74805	4.74796	3.35821	2.35821	3.05308	2.38642	2.71975	7.64392	-0.00023582	-0.00023582	-0.00023582	-0.0001	-0.0001	0.000235821	0.00017796	8.65075e+07	-8.65075e+07	5.39356e-07	5.39356e-07	0.0140119	0.0001	8.47216e-06	0.000169488	6.94879e-05	0.0001	0.000235821	-6.66667e-05	-3.33333e-05	-3.33333e-05	5.78604e-05	5.72205e-05	-0.000169488	-0.00688801
0.0042	10	14.7553	11.8976	3.84858	4.84858	5.84858	9.03988	7.07865	3.07865	5.33836	5.33828	3.8577	2.8577	3.59799	2.93132	3.26465	8.14342	-0.00028577	-0.00028577	-0.00028577	-0.0001	-0.0001	0.00028577	0.000196123	1.73015e+08	-1.73015e+08	8.42388e-05	8.42388e-05	0.0161028	0.0001	2.20947e-05	0.000174029	7.40287e-05	0.0001	0.00028577	-6.66667e-05	-3.33333e-05	-3.33333e-05	8.96467e-05	9.05991e-05	-0.000174029	-0.00792468
0.0043	10	14.7553	11.8976	3.84722	4.84722	5.84722	9.03987	7.07863	3.07863	5.33833	5.33832	3.8577	2.8577	3.59801	2.93135	3.26468	8.14341	-0.00028577	-0.00028577	-0.00028577	-0.0001	-0.0001	0.00028577	0.000196124	3.4603e+08	-3.4603e+08	8.64751e-05	8.64751e-05	0.0185108	0.0001	2.2093e-05	0.000174031	7.40309e-05	0.0001	0.00028577	-6.66667e-05	-3.33333e-05	-3.33333e-05	8.96464e-05	9.05991e-05	-0.000174031	-0.00911648
0.0044	10	12.9389	10.5807	3.34615	4.34615	5.34615	8.22251	6.44291	2.44291	4.74801	4.74801	3.35821	2.35821	3.05311	2.38644	2.71978	7.6439	-0.000235821	-0.000235821	-0.000235821	-0.0001	-0.0001	0.000235821	0.00017796	6.9206e+08	-6.9206e+08	2.77626e-06	2.77626e-06	0.0212765	0.0001	8.47001e-06	0.00016949	6.94901e-05	0.0001	0.000235821	-6.66667e-05	-3.33333e-05	-3.33333e-05	5.78608e-05	5.96046e-05	-0.00016949	-0.0104861
0.0045	10	10	8.75	2.23613	3.23613	4.23613	7.5	7.2143	-0.785691	4.89291	4.89279	2.25	1.25	2.5714	1.90473	2.23806	6.5357	-0.000125	-0.000125	-0.000125	-0.0001	-0.0001	0.000125	2.857e-05	1.38412e+09	-1.38412e+09	-1.73229e-06	-1.73229e-06	0.024457	0.0001	-0.000203569	0.000232139	0.000132139	0.0001	0.000125	-6.66667e-05	-3.33333e-05	-3.33333e-05	9.64304e-05	9.65595e-05	-0.000232139	-0.0120606
0.0046	10	7.06108	6.01928	2.02586	3.02586	4.02586	4.97747	2.58567	2.58566	1.73773	1.73769	2.04181	1.04181	0.889747	0.22308	0.556413	6.32746	-0.000104181	-0.000104181	-0.000104181	-0.0001	-0.0001	0.000104181	0.00023918	2.76824e+09	-2.76824e+09	0.000113289	0.000113289	0.0281119	0.0001	0.000154386	8.47941e-05	-1.52059e-05	0.0001	0.000104181	-6.66667e-05	-3.33333e-05	-3.33333e-05	-0.000134999	-0.000134707	-8.47941e-05	-0.0138703
0.0047	10	5.24472	4.70241	1.52397	2.52397	3.52397	4.16011	1.94993	1.94992	1.14736	1.14744	1.54231	0.542308	0.344872	-0.321794	0.0115391	5.82798	-5.42308e-05	-5.42308e-05	-5.42308e-05	-0.0001	-0.0001	5.42308e-05	0.000221018	5.53648e+09	-5.53648e+09	4.41293e-05	4.41293e-05	0.0323117	0.0001	0.000140761	8.02565e-05	-1.97435e-05	0.0001	5.42308e-05	-6.66667e-05	-3.33333e-05	-3.33333e-05	-0.000166787	-0.000166297	-8.02565e-05	-0.0159505
0.0048	10	5.24471	4.70241	1.52121	2.52121	3.52121	4.16011	1.94994	1.94993	1.14739	1.14739	1.5423	0.5423	0.344846	-0.32182	0.0115131	5.82799	-5.423e-05	-5.423e-05	-5.423e-05	-0.0001	-0.0001	5.423e-05	0.000221018	1.1073e+10	-1.1073e+10	-7.31608e-05	-7.31608e-05	0.0371397	0.0001	0.000140763	8.02547e-05	-1.97454e-05	0.0001	5.423e-05	-6.66667e-05	-3.33333e-05	-3.33333e-05	-0.000166787	-0.000166893	-8.02546e-05	-0.0183416
0.0049	10	7.06105	6.01926	2.01754	3.01754	4.01754	4.97748	2.58567	2.58567	1.73775	1.73763	2.04179	1.04179	0.889711	0.223044	0.556378	6.32749	-0.000104179	-0.000104179	-0.000104179	-0.0001	-0.0001	0.000104179	0.00023918	2.21459e+10	-2.21459e+10	-4.002e-06	-4.002e-06	0.0426912	0.0001	0.000154388	8.47924e-05	-1.52076e-05	0.0001	0.000104179	-6.66667e-05	-3.33333e-05	-3.33333e-05	-0.000135002	-0.000134707	-8.47924e-05	-0.0210899
0.005	10	9.99997	8.14998	2.82211	3.82211	4.82211	6.29999	3.61429	3.61428	2.69287	2.69282	2.84999	1.84999	1.7714	1.10474	1.43807	7.13571	-0.000184999	-0.000184999	-0.000184999	-0.0001	-0.0001	0.000184999	0.000268571	4.42918e+10	-4.42918e+10	0.000115557	0.000115557	0.0490713	0.0001	0.000176429	9.21416e-05	-7.85838e-06	0.0001	0.000184999	-6.66667e-05	-3.33333e-05	-3.33333e-05	-8.35719e-05	-8.46386e-05	-9.21416e-05	-0.0242489
0.0051	10	12.9389	10.2807	3.62614	4.62614	5.62614	7.62251	4.64289	4.64288	3.64797	3.64804	3.65819	2.65819	2.65312	1.98645	2.31978	7.94393	-0.000265819	-0.000265819	-0.000265819	-0.0001	-0.0001	0.000265819	0.000297961	8.85837e+10	-8.85837e+10	5.00728e-05	5.00728e-05	0.0564027	0.0001	0.000198469	9.94923e-05	-5.0776e-07	0.0001	0.000265819	-6.66667e-05	-3.33333e-05	-3.33333e-05	-3.21421e-05	-3.33786e-05	-9.94922e-05	-0.0278801
0.0052	10	14.7553	11.5976	4.12084	5.12084	6.12084	8.43988	5.27864	5.27863	4.23832	4.23832	4.15769	3.15769	3.19801	2.53134	2.86467	8.44344	-0.000315769	-0.000315769	-0.000315769	-0.0001	-0.0001	0.000315769	0.000316125	1.77167e+11	-1.77167e+11	-6.58108e-05	-6.58108e-05	0.0648308	0.0001	0.000212093	0.000104031	4.03137e-06	0.0001	0.000315769	-6.66667e-05	-3.33333e-05	-3.33333e-05	-3.55339e-07	0	-0.000104031	-0.0320539
0.0053	10	14.7553	11.5976	4.11533	5.11533	6.11533	8.4399	5.27866	5.27865	4.23838	4.23826	4.1577	3.1577	3.19798	2.53131	2.86465	8.44344	-0.00031577	-0.00031577	-0.00031577	-0.0001	-0.0001	0.00031577	0.000316124	3.54335e+11	-3.54335e+11	1.94288e-06	1.94288e-06	0.0745201	0.0001	0.000212096	0.000104028	4.02827e-06	0.0001	0.00031577	-6.66667e-05	-3.33333e-05	-3.33333e-05	-3.54004e-07	0	-0.000104028	-0.0368513
0.0054	10	12.939	10.2808	3.60951	4.60951	5.60951	7.62255	4.64294	4.64293	3.64804	3.648	3.65821	2.65821	2.6531	1.98644	2.31977	7.94395	-0.000265821	-0.000265821	-0.000265821	-0.0001	-0.0001	0.000265821	0.000297961	7.08669e+11	-7.08669e+11	0.000117825	0.000117825	0.0856567	0.0001	0.000198472	9.94893e-05	-5.10669e-07	0.0001	0.000265821	-6.66667e-05	-3.33333e-05	-3.33333e-05	-3.21401e-05	-3.33786e-05	-9.94893e-05	-0.0423656
0.0055	10	10.0001	8.15005	2.79402	3.79402	4.79402	6.30003	3.6143	3.61429	2.69285	2.69292	2.85001	1.85001	1.77147	1.1048	1.43813	7.13575	-0.000185001	-0.000185001	-0.000185001	-0.0001	-0.0001	0.000185001	0.000268573	1.41734e+12	-1.41734e+12	4.78018e-05	4.78018e-05	0.098455	0.0001	0.000176428	9.21453e-05	-7.85469e-06	0.0001	0.000185001	-6.66667e-05	-3.33333e-05	-3.33333e-05	-8.35719e-05	-8.34465e-05	-9.21453e-05	-0.048704
0.0056	10	7.06113	6.01932	1.97744	2.97744	3.97744	4.97752	2.58568	2.58568	1.73772	1.73773	2.0418	1.0418	0.889766	0.223099	0.556433	6.32755	-0.00010418	-0.00010418	-0.00010418	-0.0001	-0.0001	0.00010418	0.000239183	2.83468e+12	-2.83468e+12	-7.17523e-05	-7.17523e-05	0.113168	0.0001	0.000154387	8.47962e-05	-1.52038e-05	0.0001	0.00010418	-6.66667e-05	-3.33333e-05	-3.33333e-05	-0.000135003	-0.000134707	-8.47962e-05	-0.0559897
0.0057	10	5.24474	4.70245	1.4683	2.4683	3.4683	4.16015	1.94997	1.94996	1.14745	1.14733	1.54229	0.542293	0.344814	-0.321853	0.0114803	5.82804	-5.42294e-05	-5.42294e-05	-5.42294e-05	-0.0001	-0.0001	5.42294e-05	0.000221019	5.66936e+12	-5.66936e+12	-5.40371e-06	-5.40371e-06	0.130079	0.0001	0.000140767	8.0252e-05	-1.9748e-05	0.0001	5.42293e-05	-6.66667e-05	-3.33333e-05	-3.33333e-05	-0.000166789	-0.000166893	-8.0252e-05	-0.0643639
0.0058	10	5.24469	4.70241	1.45723	2.45723	3.45723	4.16013	1.94994	1.94993	1.1474	1.14736	1.54228	0.54228	0.344818	-0.321848	0.0114851	5.82805	-5.4228e-05	-5.4228e-05	-5.4228e-05	-0.0001	-0.0001	5.4228e-05	0.000221019	1.13387e+13	-1.13387e+13	0.000111878	0.000111878	0.149517	0.0001	0.000140765	8.02539e-05	-1.97461e-05	0.0001	5.4228e-05	-6.66667e-05	-3.33333e-05	-3.33333e-05	-0.000166791	-0.000166893	-8.02539e-05	-0.0739895
0.0059	10	7.06101	6.01924	1.944	2.944	3.944	4.97748	2.58564	2.58563	1.73766	1.73773	2.04177	1.04177	0.889746	0.223079	0.556412	6.32755	-0.000104177	-0.000104177	-0.000104177	-0.0001	-0.0001	0.000104177	0.000239184	2.26774e+13	-2.26774e+13	4.55306e-05	4.55306e-05	0.171859	0.0001	0.000154386	8.4798e-05	-1.52021e-05	0.0001	0.000104177	-6.66667e-05	-3.33333e-05	-3.33333e-05	-0.000135008	-0.000135899	-8.4798e-05	-0.0850535
0.006	10	9.99991	8.14995	2.73757	3.73757	4.73757	6.29999	3.61426	3.61426	2.69283	2.69283	2.84996	1.84996	1.77139	1.10473	1.43806	7.13577	-0.000184996	-0.000184996	-0.000184996	-0.0001	-0.0001	0.000184996	0.000268573	4.53548e+13	-4.53548e+13	-6.94793e-05	-6.94793e-05	0.197542	0.0001	0.00017643	9.21435e-05	-7.85655e-06	0.0001	0.000184996	-6.66667e-05	-3.33333e-05	-3.33333e-05	-8.35775e-05	-8.34465e-05	-9.21435e-05	-0.0977709
0.0061	10	12.9389	10.2807	3.52897	4.52897	5.52897	7.62253	4.64291	4.6429	3.64803	3.64792	3.65816	2.65816	2.65304	1.98637	2.31971	7.94398	-0.000265816	-0.000265816	-0.000265816	-0.0001	-0.0001	0.000265816	0.000297962	9.07097e+13	-9.07097e+13	5.41091e-07	5.41091e-07	0.227063	0.0001	0.000198474	9.94877e-05	-5.12314e-07	0.0001	0.000265816	-6.66667e-05	-3.33333e-05	-3.33333e-05	-3.21449e-05	-3.33786e-05	-9.94877e-05	-0.112389
0.0062	10	14.7553	11.5976	4.00917	5.00917	6.00917	8.43991	5.27864	5.27863	4.23834	4.23828	4.15767	3.15767	3.19798	2.53131	2.86465	8.44355	-0.000315767	-0.000315767	-0.000315767	-0.0001	-0.0001	0.000315767	0.000316126	1.81419e+14	-1.81419e+14	0.000119223	0.000119223	0.260992	0.0001	0.000212096	0.000104031	4.03056e-06	0.0001	0.000315767	-6.66667e-05	-3.33333e-05	-3.33333e-05	-3.6478e-07	0	-0.000104031	-0.129191
0.0063	10	14.7553	11.5976	3.98698	4.98698	5.98698	8.43995	5.27865	5.27864	4.2383	4.23837	4.15768	3.15768	3.19803	2.53136	2.86469	8.44357	-0.000315768	-0.000315768	-0.000315768	-0.0001	-0.0001	0.000315768	0.00031613	3.62839e+14	-3.62839e+14	5.14742e-05	5.14742e-05	0.299993	0.0001	0.000212096	0.000104034	4.03442e-06	0.0001	0.000315768	-6.66667e-05	-3.33333e-05	-3.33333e-05	-3.62587e-07	0	-0.000104034	-0.148504
0.0064	10	12.939	10.2808	3.46198	4.46198	5.46198	7.62262	4.64295	4.64294	3.64803	3.64804	3.6582	2.6582	2.65312	1.98645	2.31978	7.94409	-0.00026582	-0.00026582	-0.00026582	-0.0001	-0.0001	0.00026582	0.000297966	7.25677e+14	-7.25677e+14	-6.72059e-05	-6.72059e-05	0.344825	0.0001	0.000198475	9.94919e-05	-5.08094e-07	0.0001	0.00026582	-6.66667e-05	-3.33333e-05	-3.33333e-05	-3.21469e-05	-3.09944e-05	-9.94919e-05	-0.170703
0.0065	10	10.0001	8.15012	2.62445	3.62445	4.62445	6.30012	3.61435	3.61435	2.69294	2.69283	2.85	1.85	1.77141	1.10475	1.43808	7.13637	-0.000185	-0.000185	-0.000185	-0.0001	-0.0001	0.000185	0.000268576	1.45135e+15	-1.45135e+15	-1.72824e-06	-1.72824e-06	0.396352	0.0001	0.000176435	9.21415e-05	-7.85854e-06	0.0001	0.000185	-6.66667e-05	-3.33333e-05	-3.33333e-05	-8.36252e-05	-8.46386e-05	-9.21415e-05	-0.19622
0.0066	10	7.06117	6.01947	1.78244	2.78244	3.78244	4.97776	2.58574	2.58573	1.73774	1.7377	2.0417	1.0417	0.889701	0.223034	0.556367	6.32816	-0.00010417	-0.00010417	-0.00010417	-0.0001	-0.0001	0.00010417	0.000239202	2.90271e+15	-2.90271e+15	0.000113277	0.000113277	0.45558	0.0001	0.000154403	8.47997e-05	-1.52003e-05	0.0001	0.00010417	-6.66667e-05	-3.33333e-05	-3.33333e-05	-0.00013504	-0.000134707	-8.47997e-05	-0.225549
0.0067	10	5.24476	4.70258	1.24417	2.24417	3.24417	4.1604	1.94998	1.94997	1.14735	1.14743	1.54218	0.542178	0.344803	-0.321864	0.0114695	5.82669	-5.42178e-05	-5.42178e-05	-5.42178e-05	-0.0001	-0.0001	5.42178e-05	0.000221042	5.80542e+15	-5.80542e+15	4.41281e-05	4.41281e-05	0.52366	0.0001	0.000140779	8.02625e-05	-1.97375e-05	0.0001	5.42178e-05	-6.66667e-05	-3.33333e-05	-3.33333e-05	-0.000166629	-0.000166893	-8.02625e-05	-0.259261
0.0068	10	5.24468	4.70218	1.19994	2.19994	3.19994	4.15969	1.94987	1.94986	1.14741	1.14741	1.54249	0.542493	0.344952	-0.321715	0.0116186	5.82667	-5.42493e-05	-5.42493e-05	-5.42493e-05	-0.0001	-0.0001	5.42493e-05	0.000220983	1.16108e+16	-1.16108e+16	-7.31454e-05	-7.31454e-05	0.601914	0.0001	0.000140737	8.02459e-05	-1.97541e-05	0.0001	5.42493e-05	-6.66667e-05	-3.33333e-05	-3.33333e-05	-0.000166698	-0.000166297	-8.02459e-05	-0.298011
0.0069	10	7.06097	6.01894	1.64828	2.64828	3.64828	4.97691	2.58557	2.58556	1.73776	1.73764	2.04203	1.04203	0.889836	0.223169	0.556503	6.32615	-0.000104203	-0.000104203	-0.000104203	-0.0001	-0.0001	0.000104203	0.000239134	2.32217e+16	-2.32217e+16	-4.00512e-06	-4.00512e-06	0.691862	0.0001	0.000154353	8.47808e-05	-1.52192e-05	0.0001	0.000104203	-6.66667e-05	-3.33333e-05	-3.33333e-05	-0.000134924	-0.000134707	-8.47808e-05	-0.342552
0.007	10	9.99986	8.14963	2.39764	3.39764	4.39764	6.29939	3.61417	3.61416	2.69287	2.69282	2.85024	1.85024	1.77153	1.10486	1.4382	7.14997	-0.000185024	-0.000185024	-0.000185024	-0.0001	-0.0001	0.000185024	0.000268522	4.64434e+16	-4.64434e+16	0.000115536	0.000115536	0.79525	0.0001	0.000176393	9.21295e-05	-7.87053e-06	0.0001	0.000185024	-6.66667e-05	-3.33333e-05	-3.33333e-05	-8.50585e-05	-8.34465e-05	-9.21295e-05	-0.393749
0.0071	10	12.9388	10.2831	3.13548	4.13548	5.13548	7.62738	4.64357	4.64356	3.64759	3.64766	3.65572	2.65572	2.65169	1.98502	2.31835	7.95819	-0.000265572	-0.000265572	-0.000265572	-0.0001	-0.0001	0.000265572	0.000298381	9.28867e+16	-9.28867e+16	5.00699e-05	5.00699e-05	0.914085	0.0001	0.000198784	9.95972e-05	-4.02856e-07	0.0001	0.000265572	-6.66667e-05	-3.33333e-05	-3.33333e-05	-3.30817e-05	-3.09944e-05	-9.95972e-05	-0.452596
0.0072	10	14.7552	11.6005	3.55677	4.55677	5.55677	8.44573	5.27946	5.27945	4.23789	4.23789	4.15475	3.15475	3.19632	2.52966	2.86299	8.45771	-0.000315475	-0.000315475	-0.000315475	-0.0001	-0.0001	0.000315475	0.000316626	1.85773e+17	-1.85773e+17	-6.57373e-05	-6.57373e-05	1.05069	0.0001	0.00021247	0.000104157	4.15683e-06	0.0001	0.000315475	-6.66667e-05	-3.33333e-05	-3.33333e-05	-1.19839e-06	-2.38419e-06	-0.000104157	-0.520238
0.0073	10	14.7553	11.6006	3.46734	4.46734	5.46734	8.44594	5.27954	5.27953	4.23796	4.23784	4.15469	3.15469	3.19627	2.5296	2.86294	8.33273	-0.00031547	-0.00031547	-0.00031547	-0.0001	-0.0001	0.000315469	0.000316641	3.71547e+17	-3.71547e+17	2.00857e-06	2.00857e-06	1.20769	0.0001	0.000212483	0.000104157	4.15745e-06	0.0001	0.000315469	-6.66667e-05	-3.33333e-05	-3.33333e-05	1.13207e-05	0	-0.000104157	-0.597986
0.00739999	10	12.9391	10.262	2.88701	3.88701	4.88701	7.58489	4.63758	4.63757	3.65077	3.65072	3.67708	2.67708	2.6639	1.99723	2.33057	8.08326	-0.000267708	-0.000267708	-0.000267708	-0.0001	-0.0001	0.000267708	0.000294731	7.43094e+17	-7.43094e+17	0.000117816	0.000117816	1.38816	0.0001	0.000196049	9.86818e-05	-1.31822e-06	0.0001	0.000267708	-6.66667e-05	-3.33333e-05	-3.33333e-05	-4.98365e-05	-2.6226e-05	-9.86818e-05	-0.687354
0.00749999	10	10.0002	8.1712	1.92082	2.92082	3.92082	6.34223	3.62036	3.62035	2.68987	2.68994	2.82897	1.82897	1.75945	1.09279	1.42612	6.77506	-0.000182897	-0.000182897	-0.000182897	-0.0001	-0.0001	0.000182897	0.000272187	1.48619e+18	-1.48619e+18	4.73323e-05	4.73323e-05	1.5956	0.0001	0.000179138	9.30488e-05	-6.95119e-06	0.0001	0.000182897	-6.66667e-05	-3.33333e-05	-3.33333e-05	-4.32829e-05	-8.9407e-05	-9.30488e-05	-0.790076
0.00759999	10	7.06121	5.95995	1.0574	2.0574	3.0574	4.85868	2.56873	2.56872	1.74624	1.74625	2.10127	1.10127	0.923756	0.257089	0.590423	5.96684	-0.000110127	-0.000110127	-0.000110127	-0.0001	-0.0001	0.000110127	0.000228995	2.97237e+18	-2.97237e+18	-7.12916e-05	-7.12916e-05	1.83404	0.0001	0.000146746	8.22491e-05	-1.77509e-05	0.0001	0.000110127	-6.66667e-05	-3.33333e-05	-3.33333e-05	-0.000110816	-0.000118017	-8.22491e-05	-0.908148
0.00769999	10	5.24477	4.62894	0.415969	1.41597	2.41597	4.01311	1.92897	1.92896	1.15796	1.15785	1.61583	0.615831	0.386841	-0.279826	0.0535072	5.46732	-6.15831e-05	-6.15831e-05	-6.15831e-05	-0.0001	-0.0001	6.15831e-05	0.000208414	5.94475e+18	-5.94475e+18	-6.20778e-06	-6.20778e-06	2.10811	0.0001	0.000131313	7.71009e-05	-2.28991e-05	0.0001	6.15831e-05	-6.66667e-05	-3.33333e-05	-3.33333e-05	-0.000145421	-0.000147223	-7.71009e-05	-1.04386
0.00779999	10	5.24466	4.62639	0.239097	1.2391	2.2391	4.00813	1.92822	1.92821	1.15825	1.1582	1.61827	0.618268	0.388236	-0.278431	0.0549022	9.46729	-6.18268e-05	-6.18268e-05	-6.18268e-05	-0.0001	-0.0001	6.18268e-05	0.000207991	1.18895e+19	-1.18895e+19	0.000109842	0.000109842	2.42314	0.0001	0.000130994	7.69968e-05	-2.30032e-05	0.0001	6.18268e-05	-6.66667e-05	-3.33333e-05	-3.33333e-05	-0.000545916	-0.000146031	-7.69968e-05	-1.19986
0.00789999	10	7.06092	6.64275	-0.167099	0.832902	1.8329	6.22457	2.76377	2.76376	1.64855	1.64861	1.41818	0.418176	0.533392	-0.133275	0.200059	1.96677	-4.18175e-05	-4.18175e-05	-4.18175e-05	-0.0001	-0.0001	4.18176e-05	0.00034608	2.3779e+19	-2.3779e+19	4.47062e-05	4.47062e-05	2.78524	0.0001	0.000234558	0.000111522	1.15216e-05	0.0001	4.18176e-05	-6.66667e-05	-3.33333e-05	-3.33333e-05	0.000425781	-0.000304282	-0.000111522	-1.37917
0.00799999	10	9.99981	7.49588	1.68175	2.68175	3.68176	4.99194	3.42737	3.42736	2.78622	2.78623	3.50393	2.50393	2.14508	1.47841	1.81175	2.77496	-0.000250393	-0.000250393	-0.000250393	-0.0001	-0.0001	0.000250393	0.000156458	4.7558e+19	-4.7558e+19	-5.40812e-05	-5.40812e-05	3.20145	0.0001	9.23429e-05	6.41149e-05	-3.58851e-05	0.0001	0.000250393	-6.66667e-05	-3.33333e-05	-3.33333e-05	0.000221698	9.29833e-05	-6.41149e-05	-1.58527
0.00809999	10	12.9388	9.40304	2.44125	3.44125	4.44125	5.86731	4.39213	4.39213	3.77336	3.77328	4.53573	3.53573	3.1545	2.48783	2.82117	3.58318	-0.000353573	-0.000353573	-0.000353573	-0.0001	-0.0001	0.000353573	0.000147518	9.5116e+19	-9.5116e+19	-1.26487e-05	-1.26487e-05	3.67985	0.0001	8.56402e-05	6.18774e-05	-3.81226e-05	0.0001	0.000353573	-6.66667e-05	-3.33333e-05	-3.33333e-05	0.000228413	0.00020504	-6.18774e-05	-1.82218
0.00819999	10	14.7552	10.6808	2.66691	3.66691	4.66691	6.60645	5.01671	5.0167	4.36928	4.36924	5.07438	4.07438	3.72181	3.05514	3.38848	4.0827	-0.000407438	-0.000407438	-0.000407438	-0.0001	-0.0001	0.000407438	0.000158975	1.90232e+20	-1.90232e+20	8.50199e-05	8.50199e-05	4.22975	0.0001	9.42319e-05	6.47427e-05	-3.52574e-05	0.0001	0.000407438	-6.66667e-05	-3.33333e-05	-3.33333e-05	0.000252375	0.000247955	-6.47427e-05	-2.09448
0.00829999	10	14.7553	10.6741	2.31403	3.31403	4.31403	6.59281	5.01478	5.01478	4.37026	4.37031	5.08127	4.08127	3.72579	3.05912	3.39246	4.08274	-0.000408127	-0.000408127	-0.000408127	-0.0001	-0.0001	0.000408127	0.000157803	3.80464e+20	-3.80464e+20	4.502e-05	4.502e-05	4.86182	0.0001	9.33506e-05	6.44521e-05	-3.55479e-05	0.0001	0.000408127	-6.66667e-05	-3.33333e-05	-3.33333e-05	0.000251007	0.000247955	-6.44521e-05	-2.40748
0.00839999	10	12.9391	9.3561	1.40223	2.40223	3.40223	5.7731	4.37876	4.37875	3.78017	3.78018	4.583	3.583	3.18159	2.51492	2.84826	3.58327	-0.0003583	-0.0003583	-0.0003583	-0.0001	-0.0001	0.0003583	0.000139434	7.60928e+20	-7.60928e+20	-5.27939e-05	-5.27939e-05	5.58835	0.0001	7.95753e-05	5.98591e-05	-4.01409e-05	0.0001	0.0003583	-6.66667e-05	-3.33333e-05	-3.33333e-05	0.000218983	0.000216961	-5.98591e-05	-2.76724
0.00849999	10	10.0002	7.2252	0.118916	1.11892	2.11892	4.45019	3.3501	3.3501	2.8251	2.82502	3.77502	2.77502	2.30002	1.63335	1.96668	2.77507	-0.000277502	-0.000277502	-0.000277502	-0.0001	-0.0001	0.000277502	0.000110009	1.52186e+21	-1.52186e+21	-1.50905e-05	-1.50905e-05	6.42344	0.0001	5.75084e-05	5.25002e-05	-4.74997e-05	0.0001	0.000277502	-6.66667e-05	-3.33333e-05	-3.33333e-05	0.000167512	0.000169277	-5.25002e-05	-3.18077
0.00859999	10	7.06126	5.09442	-1.23562	-0.235617	0.764383	3.12758	2.32145	2.32145	1.86992	1.86989	2.96684	1.96684	1.41836	0.751695	1.08503	1.96685	-0.000196684	-0.000196684	-0.000196684	-0.0001	-0.0001	0.000196684	8.06132e-05	3.04371e+21	-3.04371e+21	7.9044e-05	7.9044e-05	7.38333	0.0001	3.54608e-05	4.51524e-05	-5.48476e-05	0.0001	0.000196684	-6.66667e-05	-3.33333e-05	-3.33333e-05	0.000116073	0.000115633	-4.51524e-05	-3.6561
0.00869999	10	5.24479	3.77747	-2.36314	-1.36314	-0.363137	2.31015	1.68567	1.68567	1.27953	1.27959	2.46732	1.46732	0.873454	0.206787	0.540121	1.46733	-0.000146732	-0.000146732	-0.000146732	-0.0001	-0.0001	0.000146732	6.24485e-05	6.08742e+21	-6.08742e+21	3.76667e-05	3.76667e-05	8.48665	0.0001	2.18349e-05	4.06136e-05	-5.93864e-05	0.0001	0.000146732	-6.66667e-05	-3.33333e-05	-3.33333e-05	8.42827e-05	8.46386e-05	-4.06136e-05	-4.20246
0.00879999	10	5.24464	3.77737	-3.08502	-2.08502	-1.08502	2.31009	1.68562	1.68562	1.2795	1.27952	2.46728	1.46728	0.873399	0.206732	0.540065	1.46728	-0.000146728	-0.000146728	-0.000146728	-0.0001	-0.0001	0.000146728	6.24465e-05	1.21748e+22	-1.21748e+22	-5.87372e-05	-5.87372e-05	9.75485	0.0001	2.18344e-05	4.06121e-05	-5.93879e-05	0.0001	0.000146728	-6.66667e-05	-3.33333e-05	-3.33333e-05	8.42804e-05	8.46386e-05	-4.06121e-05	-4.83046
0.00889999	10	7.06088	5.09414	-3.41528	-2.41528	-1.41528	3.1274	2.32132	2.32132	1.86982	1.86974	2.96674	1.96674	1.41824	0.751573	1.08491	1.96675	-0.000196674	-0.000196674	-0.000196674	-0.0001	-0.0001	0.000196674	8.0608e-05	2.43497e+22	-2.43497e+22	-1.73607e-05	-1.73607e-05	11.2126	0.0001	3.5458e-05	4.515e-05	-5.485e-05	0.0001	0.000196674	-6.66667e-05	-3.33333e-05	-3.33333e-05	0.000116065	0.000115633	-4.515e-05	-5.5523
0.00899999	10	9.99975	7.22482	-3.56079	-2.56079	-1.56079	4.44989	3.34992	3.34992	2.82494	2.8249	3.77493	2.77493	2.29991	1.63325	1.96658	2.77494	-0.000277493	-0.000277493	-0.000277493	-0.0001	-0.0001	0.000277493	0.000109997	4.86994e+22	-4.86994e+22	8.13122e-05	8.13122e-05	12.8881	0.0001	5.74988e-05	5.24983e-05	-4.75018e-05	0.0001	0.000277493	-6.66667e-05	-3.33333e-05	-3.33333e-05	0.000167495	0.000166893	-5.24982e-05	-6.38201
0.00909999	10	12.9387	9.35557	-3.84879	-2.84879	-1.84879	5.77242	4.37855	4.37854	3.78006	3.78012	4.58315	3.58315	3.18163	2.51497	2.8483	3.58317	-0.000358315	-0.000358315	-0.000358315	-0.0001	-0.0001	0.000358315	0.000139388	9.73988e+22	-9.73988e+22	4.36098e-05	4.36098e-05	14.814	0.0001	7.95394e-05	5.98483e-05	-4.01517e-05	0.0001	0.000358315	-6.66667e-05	-3.33333e-05	-3.33333e-05	0.000218926	0.000219345	-5.98483e-05	-7.33572
0.00919999	10	14.7552	10.6725	-4.60929	-3.60929	-2.60929	6.58984	5.01432	5.01432	4.37044	4.37045	5.08268	4.08268	3.72656	3.0599	3.39323	4.0827	-0.000408268	-0.000408268	-0.000408268	-0.0001	-0.0001	0.000408268	0.000157552	1.94798e+23	-1.94798e+23	-5.1388e-05	-5.1388e-05	17.0278	0.0001	9.31636e-05	6.43884e-05	-3.56116e-05	0.0001	0.000408268	-6.66667e-05	-3.33333e-05	-3.33333e-05	0.000250714	0.000252724	-6.43884e-05	-8.43193
0.00929999	10	14.7554	10.6726	-6.05757	-5.05757	-4.05757	6.58992	5.01439	5.01439	4.37053	4.37045	5.08272	4.08272	3.72658	3.05992	3.39325	4.08274	-0.000408272	-0.000408272	-0.000408272	-0.0001	-0.0001	0.000408272	0.000157553	3.89595e+23	-3.89595e+23	-1.14156e-05	-1.14156e-05	19.5723	0.0001	9.31664e-05	6.43861e-05	-3.56138e-05	0.0001	0.000408272	-6.66667e-05	-3.33333e-05	-3.33333e-05	0.000250717	0.000252724	-6.43861e-05	-9.69197
0.00939999	10	12.9391	9.35588	-8.22178	-7.22178	-6.22178	5.77261	4.37871	4.3787	3.78024	3.7802	4.58326	3.58326	3.18173	2.51506	2.8484	3.58328	-0.000358326	-0.000358326	-0.000358326	-0.0001	-0.0001	0.000358326	0.000139391	7.7919e+23	-7.7919e+23	8.35811e-05	8.35811e-05	22.4971	0.0001	7.95439e-05	5.98467e-05	-4.01533e-05	0.0001	0.000358326	-6.66667e-05	-3.33333e-05	-3.33333e-05	0.000218933	0.000219345	-5.98467e-05	-11.1403
0.00949999	10	10.0003	7.22519	-10.9435	-9.94349	-8.94349	4.45012	3.35009	3.35008	2.82507	2.82512	3.77508	2.77508	2.3001	1.63343	1.96677	2.77509	-0.000277508	-0.000277508	-0.000277508	-0.0001	-0.0001	0.000277508	0.000110003	1.55838e+24	-1.55838e+24	4.1339e-05	4.1339e-05	25.859	0.0001	5.75007e-05	5.25022e-05	-4.74978e-05	0.0001	0.000277508	-6.66667e-05	-3.33333e-05	-3.33333e-05	0.000167503	0.000166893	-5.25022e-05	-12.805
0.00959999	10	7.0613	5.09444	-13.9512	-12.9512	-11.9512	3.12758	2.32145	2.32145	1.86991	1.86993	2.96686	1.96686	1.4184	0.75173	1.08506	1.96687	-0.000196686	-0.000196686	-0.000196686	-0.0001	-0.0001	0.000196686	8.06128e-05	3.11676e+24	-3.11676e+24	-5.733e-05	-5.733e-05	29.7232	0.0001	3.54591e-05	4.51537e-05	-5.48463e-05	0.0001	0.000196686	-6.66667e-05	-3.33333e-05	-3.33333e-05	0.000116071	0.000116825	-4.51537e-05	-14.7186
0.00969999	10	5.2448	3.77748	-16.9789	-15.9789	-14.9789	2.31016	1.68569	1.68569	1.2796	1.27952	2.46732	1.46732	0.873419	0.206752	0.540086	1.46733	-0.000146732	-0.000146732	-0.000146732	-0.0001	-0.0001	0.000146732	6.2447e-05	6.23352e+24	-6.23352e+24	-1.87621e-05	-1.87621e-05	34.1649	0.0001	2.18372e-05	4.06098e-05	-5.93902e-05	0.0001	0.000146732	-6.66667e-05	-3.33333e-05	-3.33333e-05	8.42837e-05	8.46386e-05	-4.06098e-05	-16.918
0.00979999	10	5.24463	3.77736	-19.8849	-18.8849	-17.8849	2.31008	1.68563	1.68562	1.27952	1.27948	2.46727	1.46727	0.873377	0.20671	0.540044	1.46728	-0.000146727	-0.000146727	-0.000146727	-0.0001	-0.0001	0.000146727	6.24458e-05	1.2467e+25	-1.2467e+25	7.76349e-05	7.76349e-05	39.2703	0.0001	2.18353e-05	4.06105e-05	-5.93895e-05	0.0001	0.000146727	-6.66667e-05	-3.33333e-05	-3.33333e-05	8.42805e-05	8.34465e-05	-4.06105e-05	-19.4462
0.00989999	10	7.06084	5.0941	-22.7256	-21.7256	-20.7256	3.12737	2.32129	2.32128	1.86975	1.8698	2.96673	1.96673	1.41827	0.7516	1.08493	1.96674	-0.000196673	-0.000196673	-0.000196673	-0.0001	-0.0001	0.000196673	8.06089e-05	2.49341e+25	-2.49341e+25	3.90673e-05	3.90673e-05	45.1386	0.0001	3.54553e-05	4.51537e-05	-5.48464e-05	0.0001	0.000196673	-6.66667e-05	-3.33333e-05	-3.33333e-05	0.000116063	0.000115633	-4.51536e-05	-22.3521
0.00999999	10	9.9997	7.22478	-25.7567	-24.7567	-23.7567	4.44987	3.34989	3.34989	2.8249	2.82491	3.77492	2.77492	2.29991	1.63325	1.96658	2.77493	-0.000277492	-0.000277492	-0.000277492	-0.0001	-0.0001	0.000277492	0.000109997	4.98682e+25	-4.98682e+25	-5.50581e-05	-5.50581e-05	51.8839	0.0001	5.74975e-05	5.24997e-05	-4.75003e-05	0.0001	0.000277492	-6.66667e-05	-3.33333e-05	-3.33333e-05	0.000167493	0.000166893	-5.24997e-05	-25.6923
