time	V(n001)	V(n002)	I(C1)	I(I1)	I(R1)	I(V1)
0.000000000000000e+00	0.000000e+00	0.000000e+00	0.000000e+00	1.000000e+00	0.000000e+00	-1.000000e+00
3.766750526825223e-04	2.369014e-02	7.310352e-06	2.367327e-02	1.000000e+00	2.367327e-02	-1.023673e+00
7.533501053650447e-04	4.733660e-02	2.324985e-05	4.729003e-02	1.000000e+00	4.729003e-02	-1.047290e+00
1.130025158047567e-03	7.093936e-02	4.781849e-05	7.085026e-02	1.000000e+00	7.085026e-02	-1.070850e+00
1.506700210730089e-03	9.449844e-02	8.101627e-05	9.435397e-02	1.000000e+00	9.435397e-02	-1.094354e+00
1.883375263412612e-03	1.180138e-01	1.228432e-04	1.178012e-01	1.000000e+00	1.178012e-01	-1.117801e+00
2.260050316095134e-03	1.414855e-01	1.732993e-04	1.411918e-01	1.000000e+00	1.411918e-01	-1.141192e+00
2.636725368777655e-03	1.649135e-01	2.323845e-04	1.645260e-01	1.000000e+00	1.645260e-01	-1.164526e+00
3.613287868777655e-03	2.250843e-01	4.223143e-04	2.244502e-01	1.000000e+00	2.244502e-01	-1.224450e+00
4.589850368777655e-03	2.844079e-01	6.703222e-04	2.834700e-01	1.000000e+00	2.834700e-01	-1.283470e+00
5.566412868777655e-03	3.426611e-01	9.754166e-04	3.413633e-01	1.000000e+00	3.413633e-01	-1.341363e+00
6.542975368777655e-03	3.996246e-01	1.336391e-03	3.979121e-01	1.000000e+00	3.979121e-01	-1.397912e+00
7.519537868777655e-03	4.550840e-01	1.751828e-03	4.529039e-01	1.000000e+00	4.529039e-01	-1.452904e+00
8.496100368777655e-03	5.088305e-01	2.220107e-03	5.061316e-01	1.000000e+00	5.061316e-01	-1.506132e+00
9.472662868777655e-03	5.606619e-01	2.739408e-03	5.573950e-01	1.000000e+00	5.573950e-01	-1.557395e+00
1.044922536877766e-02	6.103832e-01	3.307716e-03	6.065011e-01	1.000000e+00	6.065011e-01	-1.606501e+00
1.142578786877766e-02	6.578070e-01	3.922836e-03	6.532652e-01	1.000000e+00	6.532652e-01	-1.653265e+00
1.337891286877766e-02	7.450581e-01	5.283853e-03	7.390732e-01	1.000000e+00	7.390732e-01	-1.739073e+00
1.533203786877766e-02	8.211027e-01	6.801524e-03	8.135287e-01	1.000000e+00	8.135287e-01	-1.813529e+00
1.728516286877765e-02	8.847973e-01	8.452561e-03	8.755122e-01	1.000000e+00	8.755122e-01	-1.875512e+00
1.923828786877765e-02	9.351836e-01	1.021167e-02	9.240921e-01	1.000000e+00	9.240921e-01	-1.924092e+00
2.119141286877765e-02	9.715040e-01	1.205194e-02	9.585379e-01	1.000000e+00	9.585379e-01	-1.958538e+00
2.314453786877765e-02	9.932120e-01	1.394523e-02	9.783322e-01	1.000000e+00	9.783322e-01	-1.978332e+00
2.509766286877765e-02	9.999812e-01	1.586260e-02	9.831777e-01	1.000000e+00	9.831777e-01	-1.983178e+00
2.705078786877765e-02	9.917097e-01	1.777476e-02	9.730018e-01	1.000000e+00	9.730018e-01	-1.973002e+00
2.900391286877765e-02	9.685220e-01	1.965249e-02	9.479582e-01	1.000000e+00	9.479582e-01	-1.947958e+00
3.095703786877765e-02	9.307668e-01	2.146710e-02	9.084239e-01	1.000000e+00	9.084239e-01	-1.908424e+00
3.291016286877765e-02	8.790120e-01	2.319084e-02	8.549941e-01	1.000000e+00	8.549941e-01	-1.854994e+00
3.486328786877765e-02	8.140361e-01	2.479733e-02	7.884728e-01	1.000000e+00	7.884728e-01	-1.788473e+00
3.681641286877765e-02	7.368163e-01	2.626196e-02	7.098610e-01	1.000000e+00	7.098610e-01	-1.709861e+00
3.876953786877765e-02	6.485141e-01	2.756224e-02	6.203417e-01	1.000000e+00	6.203417e-01	-1.620342e+00
4.072266286877765e-02	5.504576e-01	2.867816e-02	5.212615e-01	1.000000e+00	5.212615e-01	-1.521261e+00
4.267578786877765e-02	4.441218e-01	2.959250e-02	4.141114e-01	1.000000e+00	4.141114e-01	-1.414111e+00
4.462891286877765e-02	3.311059e-01	3.029105e-02	3.005033e-01	1.000000e+00	3.005033e-01	-1.300503e+00
4.658203786877765e-02	2.131099e-01	3.076286e-02	1.821465e-01	1.000000e+00	1.821465e-01	-1.182147e+00
4.853516286877765e-02	9.190854e-02	3.100039e-02	6.082167e-02	1.000000e+00	6.082167e-02	-1.060822e+00
4.951172536877765e-02	3.067439e-02	3.102990e-02	-3.843751e-04	1.000000e+00	-3.843751e-04	-9.996156e-01
5.146485036877765e-02	-9.190937e-02	3.090958e-02	-1.227325e-01	1.000000e+00	-1.227325e-01	-8.772675e-01
5.341797536877765e-02	-2.131107e-01	3.055166e-02	-2.434619e-01	1.000000e+00	-2.434619e-01	-7.565382e-01
5.537110036877765e-02	-3.311067e-01	2.996108e-02	-3.607562e-01	1.000000e+00	-3.607562e-01	-6.392438e-01
5.732422536877765e-02	-4.441225e-01	2.914627e-02	-4.728509e-01	1.000000e+00	-4.728509e-01	-5.271491e-01
5.927735036877765e-02	-5.504583e-01	2.811905e-02	-5.780594e-01	1.000000e+00	-5.780594e-01	-4.219406e-01
6.025391286877765e-02	-6.006168e-01	2.753036e-02	-6.275820e-01	1.000000e+00	-6.275820e-01	-3.724180e-01
6.123047536877765e-02	-6.485147e-01	2.689443e-02	-6.747990e-01	1.000000e+00	-6.747990e-01	-3.252011e-01
6.220703786877765e-02	-6.939718e-01	2.621360e-02	-7.195324e-01	1.000000e+00	-7.195324e-01	-2.804676e-01
6.318360036877765e-02	-7.368168e-01	2.549039e-02	-7.616140e-01	1.000000e+00	-7.616140e-01	-2.383861e-01
6.416016286877765e-02	-7.768887e-01	2.472745e-02	-8.008852e-01	1.000000e+00	-8.008852e-01	-1.991148e-01
6.513672536877765e-02	-8.140365e-01	2.392760e-02	-8.371982e-01	1.000000e+00	-8.371982e-01	-1.628018e-01
6.611328786877765e-02	-8.481206e-01	2.309380e-02	-8.704163e-01	1.000000e+00	-8.704163e-01	-1.295837e-01
6.708985036877765e-02	-8.790124e-01	2.222914e-02	-9.004145e-01	1.000000e+00	-9.004145e-01	-9.958553e-02
6.806641286877765e-02	-9.065959e-01	2.133681e-02	-9.270796e-01	1.000000e+00	-9.270796e-01	-7.292037e-02
6.904297536877765e-02	-9.307671e-01	2.042012e-02	-9.503114e-01	1.000000e+00	-9.503114e-01	-4.968857e-02
7.001953786877765e-02	-9.514351e-01	1.948245e-02	-9.700224e-01	1.000000e+00	-9.700224e-01	-2.997765e-02
7.099610036877765e-02	-9.685222e-01	1.852730e-02	-9.861382e-01	1.000000e+00	-9.861382e-01	-1.386183e-02
7.197266286877765e-02	-9.819639e-01	1.755819e-02	-9.985982e-01	1.000000e+00	-9.985982e-01	-1.401838e-03
7.294922536877765e-02	-9.917098e-01	1.657872e-02	-1.007355e+00	1.000000e+00	-1.007355e+00	7.355381e-03
7.392578786877765e-02	-9.977231e-01	1.559252e-02	-1.012377e+00	1.000000e+00	-1.012377e+00	1.237681e-02
7.490235036877765e-02	-9.999812e-01	1.460325e-02	-1.013644e+00	1.000000e+00	-1.013644e+00	1.364350e-02
7.587891286877765e-02	-9.984756e-01	1.361458e-02	-1.011151e+00	1.000000e+00	-1.011151e+00	1.115063e-02
7.685547536877765e-02	-9.932119e-01	1.263018e-02	-1.004907e+00	1.000000e+00	-1.004907e+00	4.907524e-03
7.783203786877765e-02	-9.842100e-01	1.165369e-02	-9.949376e-01	1.000000e+00	-9.949376e-01	-5.062374e-03
7.880860036877765e-02	-9.715038e-01	1.068874e-02	-9.812784e-01	1.000000e+00	-9.812784e-01	-1.872159e-02
7.978516286877765e-02	-9.551411e-01	9.738909e-03	-9.639812e-01	1.000000e+00	-9.639812e-01	-3.601878e-02
8.076172536877765e-02	-9.351833e-01	8.807712e-03	-9.431111e-01	1.000000e+00	-9.431111e-01	-5.688888e-02
8.173828786877765e-02	-9.117059e-01	7.898602e-03	-9.187466e-01	1.000000e+00	-9.187466e-01	-8.125340e-02
8.271485036877765e-02	-8.847969e-01	7.014947e-03	-8.909793e-01	1.000000e+00	-8.909793e-01	-1.090207e-01
8.369141286877765e-02	-8.545578e-01	6.160018e-03	-8.599137e-01	1.000000e+00	-8.599137e-01	-1.400863e-01
8.466797536877765e-02	-8.211023e-01	5.336981e-03	-8.256667e-01	1.000000e+00	-8.256667e-01	-1.743333e-01
8.564453786877765e-02	-7.845563e-01	4.548879e-03	-7.883670e-01	1.000000e+00	-7.883670e-01	-2.116330e-01
8.662110036877765e-02	-7.450575e-01	3.798624e-03	-7.481551e-01	1.000000e+00	-7.481551e-01	-2.518449e-01
8.759766286877765e-02	-7.027544e-01	3.088987e-03	-7.051822e-01	1.000000e+00	-7.051822e-01	-2.948178e-01
8.857422536877765e-02	-6.578064e-01	2.422584e-03	-6.596100e-01	1.000000e+00	-6.596100e-01	-3.403900e-01
8.955078786877765e-02	-6.103825e-01	1.801871e-03	-6.116101e-01	1.000000e+00	-6.116101e-01	-3.883900e-01
9.052735036877765e-02	-5.606613e-01	1.229131e-03	-5.613628e-01	1.000000e+00	-5.613628e-01	-4.386372e-01
9.150391286877765e-02	-5.088298e-01	7.064646e-04	-5.090575e-01	1.000000e+00	-5.090575e-01	-4.909425e-01
9.248047536877765e-02	-4.550832e-01	2.357867e-04	-4.548908e-01	1.000000e+00	-4.548908e-01	-5.451092e-01
9.345703786877765e-02	-3.996238e-01	-1.811847e-04	-3.990666e-01	1.000000e+00	-3.990666e-01	-6.009334e-01
9.443360036877765e-02	-3.426603e-01	-5.429335e-04	-3.417950e-01	1.000000e+00	-3.417950e-01	-6.582050e-01
9.541016286877765e-02	-2.844071e-01	-8.481514e-04	-2.832914e-01	1.000000e+00	-2.832914e-01	-7.167087e-01
9.638672536877765e-02	-2.250835e-01	-1.095743e-03	-2.237760e-01	1.000000e+00	-2.237760e-01	-7.762240e-01
9.736328786877765e-02	-1.649127e-01	-1.284829e-03	-1.634727e-01	1.000000e+00	-1.634727e-01	-8.365273e-01
9.833985036877765e-02	-1.041212e-01	-1.414752e-03	-1.026085e-01	1.000000e+00	-1.026085e-01	-8.973915e-01
9.931641286877765e-02	-4.293784e-02	-1.485074e-03	-4.141236e-02	1.000000e+00	-4.141236e-02	-9.585876e-01
1.002929753687777e-01	1.840715e-02	-1.495586e-03	1.988541e-02	1.000000e+00	1.988541e-02	-1.019885e+00
1.012695378687777e-01	7.968285e-02	-1.446299e-03	8.105417e-02	1.000000e+00	8.105417e-02	-1.081054e+00
1.022461003687777e-01	1.406586e-01	-1.337452e-03	1.418637e-01	1.000000e+00	1.418637e-01	-1.141864e+00
1.032226628687777e-01	2.011050e-01	-1.169508e-03	2.020853e-01	1.000000e+00	2.020853e-01	-1.202085e+00
1.041992253687777e-01	2.607945e-01	-9.431519e-04	2.614923e-01	1.000000e+00	2.614923e-01	-1.261492e+00
1.051757878687777e-01	3.195024e-01	-6.592879e-04	3.198611e-01	1.000000e+00	3.198611e-01	-1.319861e+00
1.061523503687777e-01	3.770078e-01	-3.190374e-04	3.769721e-01	1.000000e+00	3.769721e-01	-1.376972e+00
1.071289128687777e-01	4.330942e-01	7.626662e-05	4.326104e-01	1.000000e+00	4.326104e-01	-1.432610e+00
1.081054753687777e-01	4.875505e-01	5.250836e-04	4.865667e-01	1.000000e+00	4.865667e-01	-1.486567e+00
1.090820378687777e-01	5.401718e-01	1.025672e-03	5.386379e-01	1.000000e+00	5.386379e-01	-1.538638e+00
1.100586003687777e-01	5.907601e-01	1.576095e-03	5.886281e-01	1.000000e+00	5.886281e-01	-1.588628e+00
1.110351628687777e-01	6.391248e-01	2.174228e-03	6.363491e-01	1.000000e+00	6.363491e-01	-1.636349e+00
1.120117253687777e-01	6.850840e-01	2.817768e-03	6.816216e-01	1.000000e+00	6.816216e-01	-1.681622e+00
1.129882878687777e-01	7.284647e-01	3.504241e-03	7.242750e-01	1.000000e+00	7.242750e-01	-1.724275e+00
1.149414128687777e-01	8.068478e-01	4.995289e-03	8.010933e-01	1.000000e+00	8.010933e-01	-1.801093e+00
1.168945378687777e-01	8.730952e-01	6.624528e-03	8.656491e-01	1.000000e+00	8.656491e-01	-1.865649e+00
1.188476628687777e-01	9.262104e-01	8.367036e-03	9.169718e-01	1.000000e+00	9.169718e-01	-1.916972e+00
1.208007878687777e-01	9.653946e-01	1.019619e-02	9.542900e-01	1.000000e+00	9.542900e-01	-1.954290e+00
1.227539128687777e-01	9.900582e-01	1.208406e-02	9.770426e-01	1.000000e+00	9.770426e-01	-1.977043e+00
1.247070378687777e-01	9.998306e-01	1.400184e-02	9.848880e-01	1.000000e+00	9.848880e-01	-1.984888e+00
1.266601628687777e-01	9.945645e-01	1.592027e-02	9.777085e-01	1.000000e+00	9.777085e-01	-1.977708e+00
1.286132878687777e-01	9.743393e-01	1.781008e-02	9.556124e-01	1.000000e+00	9.556124e-01	-1.955612e+00
1.305664128687777e-01	9.394591e-01	1.964245e-02	9.189327e-01	1.000000e+00	9.189327e-01	-1.918933e+00
1.325195378687777e-01	8.904485e-01	2.138938e-02	8.682213e-01	1.000000e+00	8.682213e-01	-1.868221e+00
1.344726628687777e-01	8.280448e-01	2.302421e-02	8.042414e-01	1.000000e+00	8.042414e-01	-1.804241e+00
1.364257878687777e-01	7.531865e-01	2.452194e-02	7.279559e-01	1.000000e+00	7.279559e-01	-1.727956e+00
1.383789128687777e-01	6.669996e-01	2.585962e-02	6.405123e-01	1.000000e+00	6.405123e-01	-1.640512e+00
1.403320378687777e-01	5.707804e-01	2.701673e-02	5.432266e-01	1.000000e+00	5.432266e-01	-1.543227e+00
1.422851628687777e-01	4.659761e-01	2.797546e-02	4.375622e-01	1.000000e+00	4.375622e-01	-1.437562e+00
1.442382878687777e-01	3.541631e-01	2.872098e-02	3.251089e-01	1.000000e+00	3.251089e-01	-1.325109e+00
1.461914128687777e-01	2.370232e-01	2.924168e-02	2.075585e-01	1.000000e+00	2.075585e-01	-1.207559e+00
1.481445378687777e-01	1.163182e-01	2.952932e-02	8.667945e-02	1.000000e+00	8.667945e-02	-1.086679e+00
1.491211003687777e-01	5.519483e-02	2.958412e-02	2.555877e-02	1.000000e+00	2.555877e-02	-1.025559e+00
1.510742253687777e-01	-6.744433e-02	2.951442e-02	-9.689529e-02	1.000000e+00	-9.689529e-02	-9.031047e-01
1.530273503687777e-01	-1.890691e-01	2.920654e-02	-2.180977e-01	1.000000e+00	-2.180977e-01	-7.819023e-01
1.549804753687777e-01	-3.078500e-01	2.866472e-02	-3.362251e-01	1.000000e+00	-3.362251e-01	-6.637749e-01
1.569336003687777e-01	-4.220006e-01	2.789672e-02	-4.495003e-01	1.000000e+00	-4.495003e-01	-5.504997e-01
1.588867253687777e-01	-5.298040e-01	2.691367e-02	-5.562191e-01	1.000000e+00	-5.562191e-01	-4.437809e-01
1.598632878687777e-01	-5.808143e-01	2.634588e-02	-6.066136e-01	1.000000e+00	-6.066136e-01	-3.933863e-01
1.608398503687777e-01	-6.296386e-01	2.572997e-02	-6.547761e-01	1.000000e+00	-6.547761e-01	-3.452239e-01
1.618164128687777e-01	-6.760930e-01	2.506820e-02	-7.005250e-01	1.000000e+00	-7.005250e-01	-2.994750e-01
1.627929753687777e-01	-7.200028e-01	2.436301e-02	-7.436883e-01	1.000000e+00	-7.436883e-01	-2.563117e-01
1.637695378687777e-01	-7.612026e-01	2.361702e-02	-7.841034e-01	1.000000e+00	-7.841034e-01	-2.158966e-01
1.647461003687777e-01	-7.995375e-01	2.283298e-02	-8.216182e-01	1.000000e+00	-8.216182e-01	-1.783818e-01
1.657226628687777e-01	-8.348631e-01	2.201379e-02	-8.560913e-01	1.000000e+00	-8.560913e-01	-1.439087e-01
1.666992253687777e-01	-8.670465e-01	2.116247e-02	-8.873931e-01	1.000000e+00	-8.873931e-01	-1.126069e-01
1.676757878687777e-01	-8.959664e-01	2.028220e-02	-9.154056e-01	1.000000e+00	-9.154056e-01	-8.459442e-02
1.686523503687777e-01	-9.215142e-01	1.937623e-02	-9.400234e-01	1.000000e+00	-9.400234e-01	-5.997666e-02
1.696289128687777e-01	-9.435936e-01	1.844792e-02	-9.611536e-01	1.000000e+00	-9.611536e-01	-3.884635e-02
1.706054753687777e-01	-9.621215e-01	1.750072e-02	-9.787169e-01	1.000000e+00	-9.787169e-01	-2.128306e-02
1.715820378687777e-01	-9.770283e-01	1.653814e-02	-9.926471e-01	1.000000e+00	-9.926471e-01	-7.352958e-03
1.725586003687777e-01	-9.882576e-01	1.556376e-02	-1.002891e+00	1.000000e+00	-1.002891e+00	2.891492e-03
1.735351628687777e-01	-9.957675e-01	1.458119e-02	-1.009412e+00	1.000000e+00	-1.009412e+00	9.411678e-03
1.745117253687777e-01	-9.995294e-01	1.359408e-02	-1.012183e+00	1.000000e+00	-1.012183e+00	1.218301e-02
1.754882878687777e-01	-9.995294e-01	1.260610e-02	-1.011195e+00	1.000000e+00	-1.011195e+00	1.119500e-02
1.764648503687777e-01	-9.957674e-01	1.162092e-02	-1.006451e+00	1.000000e+00	-1.006451e+00	6.451338e-03
1.774414128687777e-01	-9.882575e-01	1.064220e-02	-9.979698e-01	1.000000e+00	-9.979698e-01	-2.030189e-03
1.784179753687777e-01	-9.770281e-01	9.673572e-03	-9.857823e-01	1.000000e+00	-9.857823e-01	-1.421770e-02
1.793945378687777e-01	-9.621213e-01	8.718632e-03	-9.699346e-01	1.000000e+00	-9.699346e-01	-3.006538e-02
1.803711003687777e-01	-9.435933e-01	7.780926e-03	-9.504864e-01	1.000000e+00	-9.504864e-01	-4.951362e-02
1.813476628687777e-01	-9.215139e-01	6.863936e-03	-9.275107e-01	1.000000e+00	-9.275107e-01	-7.248928e-02
1.823242253687777e-01	-8.959661e-01	5.971062e-03	-9.010941e-01	1.000000e+00	-9.010941e-01	-9.890593e-02
1.833007878687777e-01	-8.670461e-01	5.105618e-03	-8.713358e-01	1.000000e+00	-8.713358e-01	-1.286642e-01
1.842773503687777e-01	-8.348626e-01	4.270812e-03	-8.383479e-01	1.000000e+00	-8.383479e-01	-1.616521e-01
1.852539128687777e-01	-7.995370e-01	3.469736e-03	-8.022544e-01	1.000000e+00	-8.022544e-01	-1.977456e-01
1.862304753687777e-01	-7.612021e-01	2.705358e-03	-7.631912e-01	1.000000e+00	-7.631912e-01	-2.368088e-01
1.872070378687777e-01	-7.200022e-01	1.980507e-03	-7.213053e-01	1.000000e+00	-7.213053e-01	-2.786947e-01
1.881836003687777e-01	-6.760924e-01	1.297861e-03	-6.767541e-01	1.000000e+00	-6.767541e-01	-3.232459e-01
1.891601628687777e-01	-6.296379e-01	6.599409e-04	-6.297054e-01	1.000000e+00	-6.297054e-01	-3.702946e-01
1.901367253687777e-01	-5.808136e-01	6.910026e-05	-5.803362e-01	1.000000e+00	-5.803362e-01	-4.196638e-01
1.911132878687777e-01	-5.298033e-01	-4.724859e-04	-5.288323e-01	1.000000e+00	-5.288323e-01	-4.711677e-01
1.920898503687777e-01	-4.767989e-01	-9.628275e-04	-4.753874e-01	1.000000e+00	-4.753874e-01	-5.246126e-01
1.930664128687777e-01	-4.219999e-01	-1.400127e-03	-4.202027e-01	1.000000e+00	-4.202027e-01	-5.797973e-01
1.940429753687777e-01	-3.656126e-01	-1.782788e-03	-3.634858e-01	1.000000e+00	-3.634858e-01	-6.365142e-01
1.950195378687777e-01	-3.078493e-01	-2.109417e-03	-3.054502e-01	1.000000e+00	-3.054502e-01	-6.945499e-01
1.959961003687777e-01	-2.489272e-01	-2.378833e-03	-2.463141e-01	1.000000e+00	-2.463141e-01	-7.536858e-01
1.969726628687777e-01	-1.890683e-01	-2.590070e-03	-1.863003e-01	1.000000e+00	-1.863003e-01	-8.136997e-01
1.979492253687777e-01	-1.284977e-01	-2.742382e-03	-1.256344e-01	1.000000e+00	-1.256344e-01	-8.743656e-01
1.989257878687777e-01	-6.744350e-02	-2.835243e-03	-6.454480e-02	1.000000e+00	-6.454480e-02	-9.354552e-01
1.999023503687777e-01	-6.135469e-03	-2.868352e-03	-3.261344e-03	1.000000e+00	-3.261344e-03	-9.967387e-01
2.008789128687777e-01	5.519566e-02	-2.841631e-03	5.798535e-02	1.000000e+00	5.798535e-02	-1.057985e+00
2.018554753687777e-01	1.163190e-01	-2.755230e-03	1.189648e-01	1.000000e+00	1.189648e-01	-1.118965e+00
2.028320378687777e-01	1.770046e-01	-2.609520e-03	1.794476e-01	1.000000e+00	1.794476e-01	-1.179448e+00
2.038086003687777e-01	2.370240e-01	-2.405100e-03	2.392061e-01	1.000000e+00	2.392061e-01	-1.239206e+00
2.047851628687777e-01	2.961513e-01	-2.142784e-03	2.980154e-01	1.000000e+00	2.980154e-01	-1.298015e+00
2.057617253687777e-01	3.541639e-01	-1.823610e-03	3.556543e-01	1.000000e+00	3.556543e-01	-1.355654e+00
2.067382878687777e-01	4.108436e-01	-1.448825e-03	4.119058e-01	1.000000e+00	4.119058e-01	-1.411906e+00
2.077148503687777e-01	4.659769e-01	-1.019887e-03	4.665583e-01	1.000000e+00	4.665583e-01	-1.466558e+00
2.086914128687777e-01	5.193564e-01	-5.384590e-04	5.194061e-01	1.000000e+00	5.194061e-01	-1.519406e+00
2.096679753687777e-01	5.707811e-01	-6.400163e-06	5.702504e-01	1.000000e+00	5.702504e-01	-1.570250e+00
2.106445378687777e-01	6.200575e-01	5.742396e-04	6.188999e-01	1.000000e+00	6.188999e-01	-1.618900e+00
2.116211003687777e-01	6.670002e-01	1.201228e-03	6.651714e-01	1.000000e+00	6.651714e-01	-1.665171e+00
2.125976628687777e-01	7.114325e-01	1.872156e-03	7.088909e-01	1.000000e+00	7.088909e-01	-1.708891e+00
2.135742253687777e-01	7.531871e-01	2.584454e-03	7.498939e-01	1.000000e+00	7.498939e-01	-1.749894e+00
2.155273503687777e-01	8.280452e-01	4.122095e-03	8.231441e-01	1.000000e+00	8.231441e-01	-1.823144e+00
2.174804753687777e-01	8.904489e-01	5.790648e-03	8.838204e-01	1.000000e+00	8.838204e-01	-1.883820e+00
2.194336003687777e-01	9.394594e-01	7.564638e-03	9.310107e-01	1.000000e+00	9.310107e-01	-1.931011e+00
2.213867253687777e-01	9.743395e-01	9.417009e-03	9.640056e-01	1.000000e+00	9.640056e-01	-1.964006e+00
2.233398503687777e-01	9.945646e-01	1.131952e-02	9.823093e-01	1.000000e+00	9.823093e-01	-1.982309e+00
2.252929753687777e-01	9.998306e-01	1.324319e-02	9.856466e-01	1.000000e+00	9.856466e-01	-1.985647e+00
2.272461003687777e-01	9.900581e-01	1.515870e-02	9.739679e-01	1.000000e+00	9.739679e-01	-1.973968e+00
2.291992253687777e-01	9.653943e-01	1.703688e-02	9.474491e-01	1.000000e+00	9.474491e-01	-1.947449e+00
2.311523503687777e-01	9.262101e-01	1.884910e-02	9.064895e-01	1.000000e+00	9.064895e-01	-1.906489e+00
2.331054753687777e-01	8.730948e-01	2.056772e-02	8.517055e-01	1.000000e+00	8.517055e-01	-1.851705e+00
2.350586003687777e-01	8.068473e-01	2.216655e-02	7.839215e-01	1.000000e+00	7.839215e-01	-1.783922e+00
2.370117253687777e-01	7.284641e-01	2.362114e-02	7.041575e-01	1.000000e+00	7.041575e-01	-1.704158e+00
2.389648503687777e-01	6.391241e-01	2.490926e-02	6.136135e-01	1.000000e+00	6.136135e-01	-1.613613e+00
2.409179753687777e-01	5.401711e-01	2.601117e-02	5.136517e-01	1.000000e+00	5.136517e-01	-1.513652e+00
2.428711003687777e-01	4.330935e-01	2.690992e-02	4.057760e-01	1.000000e+00	4.057760e-01	-1.405776e+00
2.448242253687777e-01	3.195016e-01	2.759162e-02	2.916094e-01	1.000000e+00	2.916094e-01	-1.291609e+00
2.467773503687777e-01	2.011042e-01	2.804567e-02	1.728693e-01	1.000000e+00	1.728693e-01	-1.172869e+00
2.487304753687777e-01	7.968202e-02	2.826485e-02	5.134220e-02	1.000000e+00	5.134220e-02	-1.051342e+00
2.506836003687777e-01	-4.293867e-02	2.824552e-02	-7.114379e-02	1.000000e+00	-7.114379e-02	-9.288563e-01
2.526367253687777e-01	-1.649135e-01	2.798759e-02	-1.927460e-01	1.000000e+00	-1.927460e-01	-8.072541e-01
2.545898503687777e-01	-2.844079e-01	2.749459e-02	-3.116349e-01	1.000000e+00	-3.116349e-01	-6.883651e-01
2.565429753687777e-01	-3.996246e-01	2.677357e-02	-4.260221e-01	1.000000e+00	-4.260221e-01	-5.739779e-01
2.584961003687777e-01	-5.088305e-01	2.583500e-02	-5.341867e-01	1.000000e+00	-5.341867e-01	-4.658133e-01
2.594726628687777e-01	-5.606619e-01	2.528832e-02	-5.854227e-01	1.000000e+00	-5.854227e-01	-4.145773e-01
2.604492253687777e-01	-6.103832e-01	2.469265e-02	-6.345015e-01	1.000000e+00	-6.345015e-01	-3.654985e-01
2.614257878687777e-01	-6.578070e-01	2.405020e-02	-6.812382e-01	1.000000e+00	-6.812382e-01	-3.187618e-01
2.624023503687777e-01	-7.027550e-01	2.336334e-02	-7.254571e-01	1.000000e+00	-7.254571e-01	-2.745429e-01
2.633789128687777e-01	-7.450581e-01	2.263460e-02	-7.669916e-01	1.000000e+00	-7.669916e-01	-2.330084e-01
2.643554753687777e-01	-7.845569e-01	2.186669e-02	-8.056853e-01	1.000000e+00	-8.056853e-01	-1.943147e-01
2.653320378687777e-01	-8.211027e-01	2.106246e-02	-8.413926e-01	1.000000e+00	-8.413926e-01	-1.586074e-01
2.663086003687777e-01	-8.545582e-01	2.022487e-02	-8.739790e-01	1.000000e+00	-8.739790e-01	-1.260210e-01
2.672851628687777e-01	-8.847973e-01	1.935705e-02	-9.033218e-01	1.000000e+00	-9.033218e-01	-9.667820e-02
2.682617253687777e-01	-9.117062e-01	1.846221e-02	-9.293106e-01	1.000000e+00	-9.293106e-01	-7.068945e-02
2.692382878687777e-01	-9.351836e-01	1.754368e-02	-9.518474e-01	1.000000e+00	-9.518474e-01	-4.815262e-02
2.702148503687777e-01	-9.551413e-01	1.660486e-02	-9.708474e-01	1.000000e+00	-9.708474e-01	-2.915258e-02
2.711914128687777e-01	-9.715040e-01	1.564925e-02	-9.862391e-01	1.000000e+00	-9.862391e-01	-1.376089e-02
2.721679753687777e-01	-9.842102e-01	1.468040e-02	-9.979645e-01	1.000000e+00	-9.979645e-01	-2.035518e-03
2.731445378687777e-01	-9.932120e-01	1.370191e-02	-1.005979e+00	1.000000e+00	-1.005979e+00	5.979355e-03
2.741211003687777e-01	-9.984756e-01	1.271743e-02	-1.010254e+00	1.000000e+00	-1.010254e+00	1.025352e-02
2.750976628687777e-01	-9.999812e-01	1.173060e-02	-1.010771e+00	1.000000e+00	-1.010771e+00	1.077084e-02
2.760742253687777e-01	-9.977230e-01	1.074510e-02	-1.007529e+00	1.000000e+00	-1.007529e+00	7.529336e-03
2.770507878687777e-01	-9.917097e-01	9.764596e-03	-1.000541e+00	1.000000e+00	-1.000541e+00	5.411532e-04
2.780273503687777e-01	-9.819638e-01	8.792734e-03	-9.898326e-01	1.000000e+00	-9.898326e-01	-1.016745e-02
2.790039128687777e-01	-9.685220e-01	7.833126e-03	-9.754438e-01	1.000000e+00	-9.754438e-01	-2.455621e-02
2.799804753687777e-01	-9.514349e-01	6.889340e-03	-9.574290e-01	1.000000e+00	-9.574290e-01	-4.257102e-02
2.809570378687777e-01	-9.307668e-01	5.964885e-03	-9.358559e-01	1.000000e+00	-9.358559e-01	-6.414410e-02
2.819336003687777e-01	-9.065955e-01	5.063195e-03	-9.108056e-01	1.000000e+00	-9.108056e-01	-8.919433e-02
2.829101628687777e-01	-8.790120e-01	4.187620e-03	-8.823726e-01	1.000000e+00	-8.823726e-01	-1.176275e-01
2.838867253687777e-01	-8.481202e-01	3.341411e-03	-8.506635e-01	1.000000e+00	-8.506635e-01	-1.493365e-01
2.848632878687777e-01	-8.140361e-01	2.527709e-03	-8.157978e-01	1.000000e+00	-8.157978e-01	-1.842022e-01
2.858398503687777e-01	-7.768882e-01	1.749533e-03	-7.779067e-01	1.000000e+00	-7.779067e-01	-2.220933e-01
2.868164128687777e-01	-7.368163e-01	1.009767e-03	-7.371327e-01	1.000000e+00	-7.371327e-01	-2.628672e-01
2.877929753687777e-01	-6.939712e-01	3.111530e-04	-6.936293e-01	1.000000e+00	-6.936293e-01	-3.063707e-01
2.887695378687777e-01	-6.485141e-01	-3.437247e-04	-6.475601e-01	1.000000e+00	-6.475601e-01	-3.524399e-01
2.897461003687777e-01	-6.006162e-01	-9.524448e-04	-5.990986e-01	1.000000e+00	-5.990986e-01	-4.009014e-01
2.907226628687777e-01	-5.504576e-01	-1.512760e-03	-5.484269e-01	1.000000e+00	-5.484269e-01	-4.515731e-01
2.916992253687777e-01	-4.982273e-01	-2.022605e-03	-4.957359e-01	1.000000e+00	-4.957359e-01	-5.042641e-01
2.926757878687777e-01	-4.441218e-01	-2.480105e-03	-4.412238e-01	1.000000e+00	-4.412238e-01	-5.587762e-01
2.936523503687777e-01	-3.883447e-01	-2.883581e-03	-3.850957e-01	1.000000e+00	-3.850957e-01	-6.149043e-01
2.946289128687777e-01	-3.311059e-01	-3.231559e-03	-3.275628e-01	1.000000e+00	-3.275628e-01	-6.724372e-01
2.956054753687777e-01	-2.726209e-01	-3.522772e-03	-2.688417e-01	1.000000e+00	-2.688417e-01	-7.311583e-01
2.965820378687777e-01	-2.131099e-01	-3.756168e-03	-2.091532e-01	1.000000e+00	-2.091532e-01	-7.908468e-01
2.975586003687777e-01	-1.527968e-01	-3.930912e-03	-1.487221e-01	1.000000e+00	-1.487221e-01	-8.512779e-01
2.985351628687777e-01	-9.190854e-02	-4.046389e-03	-8.777568e-02	1.000000e+00	-8.777568e-02	-9.122243e-01
2.995117253687777e-01	-3.067439e-02	-4.102209e-03	-2.654332e-02	1.000000e+00	-2.654332e-02	-9.734567e-01
3.004882878687777e-01	3.067522e-02	-4.098204e-03	3.474456e-02	1.000000e+00	3.474456e-02	-1.034745e+00
3.014648503687777e-01	9.190937e-02	-4.034434e-03	9.585732e-02	1.000000e+00	9.585732e-02	-1.095857e+00
3.024414128687777e-01	1.527976e-01	-3.911181e-03	1.565650e-01	1.000000e+00	1.565650e-01	-1.156565e+00
3.034179753687777e-01	2.131107e-01	-3.728952e-03	2.166392e-01	1.000000e+00	2.166392e-01	-1.216639e+00
3.043945378687777e-01	2.726218e-01	-3.488477e-03	2.758537e-01	1.000000e+00	2.758537e-01	-1.275854e+00
3.053711003687777e-01	3.311067e-01	-3.190704e-03	3.339859e-01	1.000000e+00	3.339859e-01	-1.333986e+00
3.063476628687777e-01	3.883454e-01	-2.836796e-03	3.908168e-01	1.000000e+00	3.908168e-01	-1.390817e+00
3.073242253687777e-01	4.441225e-01	-2.428130e-03	4.461327e-01	1.000000e+00	4.461327e-01	-1.446133e+00
3.083007878687777e-01	4.982280e-01	-1.966285e-03	4.997255e-01	1.000000e+00	4.997255e-01	-1.499726e+00
3.092773503687777e-01	5.504583e-01	-1.453043e-03	5.513934e-01	1.000000e+00	5.513934e-01	-1.551393e+00
3.102539128687777e-01	6.006168e-01	-8.903795e-04	6.009420e-01	1.000000e+00	6.009420e-01	-1.600942e+00
3.112304753687777e-01	6.485147e-01	-2.804542e-04	6.481850e-01	1.000000e+00	6.481850e-01	-1.648185e+00
3.122070378687777e-01	6.939718e-01	3.743941e-04	6.929444e-01	1.000000e+00	6.929444e-01	-1.692944e+00
3.131836003687777e-01	7.368168e-01	1.071658e-03	7.350519e-01	1.000000e+00	7.350519e-01	-1.735052e+00
3.141601628687777e-01	7.768887e-01	1.808670e-03	7.743491e-01	1.000000e+00	7.743491e-01	-1.774349e+00
3.151367253687777e-01	8.140365e-01	2.582614e-03	8.106880e-01	1.000000e+00	8.106880e-01	-1.810688e+00
3.170898503687777e-01	8.790124e-01	4.229346e-03	8.739560e-01	1.000000e+00	8.739560e-01	-1.873956e+00
3.190429753687777e-01	9.307671e-01	5.986746e-03	9.239045e-01	1.000000e+00	9.239045e-01	-1.923905e+00
3.209961003687777e-01	9.685222e-01	7.828040e-03	9.597828e-01	1.000000e+00	9.597828e-01	-1.959783e+00
3.229492253687777e-01	9.917098e-01	9.725194e-03	9.810514e-01	1.000000e+00	9.810514e-01	-1.981051e+00
3.249023503687777e-01	9.999812e-01	1.164933e-02	9.873909e-01	1.000000e+00	9.873909e-01	-1.987391e+00
3.268554753687777e-01	9.932119e-01	1.357118e-02	9.787062e-01	1.000000e+00	9.787062e-01	-1.978706e+00
3.288086003687777e-01	9.715038e-01	1.546149e-02	9.551282e-01	1.000000e+00	9.551282e-01	-1.955128e+00
3.307617253687777e-01	9.351833e-01	1.729150e-02	9.170119e-01	1.000000e+00	9.170119e-01	-1.917012e+00
3.327148503687777e-01	8.847969e-01	1.903334e-02	8.649310e-01	1.000000e+00	8.649310e-01	-1.864931e+00
3.346679753687777e-01	8.211023e-01	2.066048e-02	7.996691e-01	1.000000e+00	7.996691e-01	-1.799669e+00
3.366211003687777e-01	7.450575e-01	2.214811e-02	7.222084e-01	1.000000e+00	7.222084e-01	-1.722208e+00
3.385742253687777e-01	6.578064e-01	2.347352e-02	6.337139e-01	1.000000e+00	6.337139e-01	-1.633714e+00
3.405273503687777e-01	5.606613e-01	2.461645e-02	5.355172e-01	1.000000e+00	5.355172e-01	-1.535517e+00
3.424804753687777e-01	4.550832e-01	2.555936e-02	4.290957e-01	1.000000e+00	4.290957e-01	-1.429096e+00
3.444336003687777e-01	3.426603e-01	2.628775e-02	3.160502e-01	1.000000e+00	3.160502e-01	-1.316050e+00
3.463867253687777e-01	2.250835e-01	2.679032e-02	1.980814e-01	1.000000e+00	1.980814e-01	-1.198081e+00
3.483398503687777e-01	1.041212e-01	2.705920e-02	7.696405e-02	1.000000e+00	7.696405e-02	-1.076964e+00
3.493164128687777e-01	4.293784e-02	2.710449e-02	1.579295e-02	1.000000e+00	1.579295e-02	-1.015793e+00
3.512695378687777e-01	-7.968285e-02	2.701573e-02	-1.066236e-01	1.000000e+00	-1.066236e-01	-8.933764e-01
3.532226628687777e-01	-2.011050e-01	2.668904e-02	-2.276049e-01	1.000000e+00	-2.276049e-01	-7.723951e-01
3.551757878687777e-01	-3.195024e-01	2.612903e-02	-3.453308e-01	1.000000e+00	-3.453308e-01	-6.546692e-01
3.571289128687777e-01	-4.330942e-01	2.534378e-02	-4.580305e-01	1.000000e+00	-4.580305e-01	-5.419695e-01
3.590820378687777e-01	-5.401718e-01	2.434477e-02	-5.640084e-01	1.000000e+00	-5.640084e-01	-4.359917e-01
3.600586003687777e-01	-5.907601e-01	2.376958e-02	-6.139737e-01	1.000000e+00	-6.139737e-01	-3.860263e-01
3.610351628687777e-01	-6.391248e-01	2.314671e-02	-6.616701e-01	1.000000e+00	-6.616701e-01	-3.383299e-01
3.620117253687777e-01	-6.850840e-01	2.247846e-02	-7.069178e-01	1.000000e+00	-7.069178e-01	-2.930822e-01
3.629882878687777e-01	-7.284647e-01	2.176729e-02	-7.495465e-01	1.000000e+00	-7.495465e-01	-2.504535e-01
3.639648503687777e-01	-7.691036e-01	2.101585e-02	-7.893958e-01	1.000000e+00	-7.893958e-01	-2.106042e-01
3.649414128687777e-01	-8.068478e-01	2.022693e-02	-8.263155e-01	1.000000e+00	-8.263155e-01	-1.736845e-01
3.659179753687777e-01	-8.415552e-01	1.940345e-02	-8.601668e-01	1.000000e+00	-8.601668e-01	-1.398332e-01
3.668945378687777e-01	-8.730952e-01	1.854848e-02	-8.908221e-01	1.000000e+00	-8.908221e-01	-1.091779e-01
3.678711003687777e-01	-9.013490e-01	1.766519e-02	-9.181661e-01	1.000000e+00	-9.181661e-01	-8.183391e-02
3.688476628687777e-01	-9.262104e-01	1.675685e-02	-9.420958e-01	1.000000e+00	-9.420958e-01	-5.790426e-02
3.698242253687777e-01	-9.475857e-01	1.582687e-02	-9.625210e-01	1.000000e+00	-9.625210e-01	-3.747904e-02
3.708007878687777e-01	-9.653946e-01	1.487868e-02	-9.793649e-01	1.000000e+00	-9.793649e-01	-2.063515e-02
3.717773503687777e-01	-9.795699e-01	1.391582e-02	-9.925640e-01	1.000000e+00	-9.925640e-01	-7.436047e-03
3.727539128687777e-01	-9.900582e-01	1.294188e-02	-1.002069e+00	1.000000e+00	-1.002069e+00	2.068562e-03
3.737304753687777e-01	-9.968203e-01	1.196048e-02	-1.007843e+00	1.000000e+00	-1.007843e+00	7.842860e-03
3.747070378687777e-01	-9.998306e-01	1.097527e-02	-1.009865e+00	1.000000e+00	-1.009865e+00	9.865075e-03
3.756836003687777e-01	-9.990777e-01	9.989923e-03	-1.008127e+00	1.000000e+00	-1.008127e+00	8.127557e-03
3.766601628687777e-01	-9.945645e-01	9.008104e-03	-1.002637e+00	1.000000e+00	-1.002637e+00	2.636803e-03
3.776367253687777e-01	-9.863080e-01	8.033470e-03	-9.934134e-01	1.000000e+00	-9.934134e-01	-6.586561e-03
3.786132878687777e-01	-9.743393e-01	7.069649e-03	-9.804921e-01	1.000000e+00	-9.804921e-01	-1.950786e-02
3.795898503687777e-01	-9.587033e-01	6.120229e-03	-9.639215e-01	1.000000e+00	-9.639215e-01	-3.607850e-02
3.805664128687777e-01	-9.394591e-01	5.188742e-03	-9.437639e-01	1.000000e+00	-9.437639e-01	-5.623616e-02
3.815429753687777e-01	-9.166789e-01	4.278654e-03	-9.200950e-01	1.000000e+00	-9.200950e-01	-7.990500e-02
3.825195378687777e-01	-8.904485e-01	3.393352e-03	-8.930041e-01	1.000000e+00	-8.930041e-01	-1.069960e-01
3.834961003687777e-01	-8.608667e-01	2.536127e-03	-8.625928e-01	1.000000e+00	-8.625928e-01	-1.374072e-01
3.844726628687777e-01	-8.280448e-01	1.710166e-03	-8.289758e-01	1.000000e+00	-8.289758e-01	-1.710242e-01
3.854492253687777e-01	-7.921063e-01	9.185371e-04	-7.922795e-01	1.000000e+00	-7.922795e-01	-2.077205e-01
3.864257878687777e-01	-7.531865e-01	1.641809e-04	-7.526420e-01	1.000000e+00	-7.526420e-01	-2.473580e-01
3.874023503687777e-01	-7.114319e-01	-5.501034e-04	-7.102123e-01	1.000000e+00	-7.102123e-01	-2.897876e-01
3.883789128687777e-01	-6.669996e-01	-1.221667e-03	-6.651503e-01	1.000000e+00	-6.651503e-01	-3.348497e-01
3.893554753687777e-01	-6.200569e-01	-1.848023e-03	-6.176254e-01	1.000000e+00	-6.176254e-01	-3.823746e-01
3.903320378687777e-01	-5.707804e-01	-2.426852e-03	-5.678165e-01	1.000000e+00	-5.678165e-01	-4.321835e-01
3.913086003687777e-01	-5.193557e-01	-2.956016e-03	-5.159109e-01	1.000000e+00	-5.159109e-01	-4.840891e-01
3.922851628687777e-01	-4.659761e-01	-3.433562e-03	-4.621041e-01	1.000000e+00	-4.621041e-01	-5.378959e-01
3.932617253687777e-01	-4.108428e-01	-3.857733e-03	-4.065985e-01	1.000000e+00	-4.065985e-01	-5.934016e-01
3.942382878687777e-01	-3.541631e-01	-4.226972e-03	-3.496029e-01	1.000000e+00	-3.496029e-01	-6.503971e-01
3.952148503687777e-01	-2.961505e-01	-4.539928e-03	-2.913319e-01	1.000000e+00	-2.913319e-01	-7.086681e-01
3.961914128687777e-01	-2.370232e-01	-4.795464e-03	-2.320047e-01	1.000000e+00	-2.320047e-01	-7.679953e-01
3.971679753687777e-01	-1.770038e-01	-4.992656e-03	-1.718446e-01	1.000000e+00	-1.718446e-01	-8.281554e-01
3.981445378687777e-01	-1.163182e-01	-5.130802e-03	-1.110780e-01	1.000000e+00	-1.110780e-01	-8.889220e-01
3.991211003687777e-01	-5.519483e-02	-5.209421e-03	-4.993347e-02	1.000000e+00	-4.993347e-02	-9.500665e-01
4.000976628687777e-01	6.136301e-03	-5.228256e-03	1.135878e-02	1.000000e+00	1.135878e-02	-1.011359e+00
4.010742253687777e-01	6.744433e-02	-5.187276e-03	7.256815e-02	1.000000e+00	7.256815e-02	-1.072568e+00
4.020507878687777e-01	1.284985e-01	-5.086674e-03	1.334643e-01	1.000000e+00	1.334643e-01	-1.133464e+00
4.030273503687777e-01	1.890691e-01	-4.926869e-03	1.938180e-01	1.000000e+00	1.938180e-01	-1.193818e+00
4.040039128687777e-01	2.489280e-01	-4.708499e-03	2.534023e-01	1.000000e+00	2.534023e-01	-1.253402e+00
4.049804753687777e-01	3.078500e-01	-4.432427e-03	3.119928e-01	1.000000e+00	3.119928e-01	-1.311993e+00
4.059570378687777e-01	3.656134e-01	-4.099731e-03	3.693691e-01	1.000000e+00	3.693691e-01	-1.369369e+00
4.069336003687777e-01	4.220006e-01	-3.711702e-03	4.253153e-01	1.000000e+00	4.253153e-01	-1.425315e+00
4.079101628687777e-01	4.767996e-01	-3.269838e-03	4.796208e-01	1.000000e+00	4.796208e-01	-1.479621e+00
4.088867253687777e-01	5.298040e-01	-2.775843e-03	5.320813e-01	1.000000e+00	5.320813e-01	-1.532081e+00
4.098632878687777e-01	5.808143e-01	-2.231614e-03	5.824994e-01	1.000000e+00	5.824994e-01	-1.582499e+00
4.108398503687777e-01	6.296386e-01	-1.639239e-03	6.306853e-01	1.000000e+00	6.306853e-01	-1.630685e+00
4.118164128687777e-01	6.760930e-01	-1.000985e-03	6.764579e-01	1.000000e+00	6.764579e-01	-1.676458e+00
4.127929753687777e-01	7.200028e-01	-3.192947e-04	7.196446e-01	1.000000e+00	7.196446e-01	-1.719645e+00
4.137695378687777e-01	7.612026e-01	4.032286e-04	7.600832e-01	1.000000e+00	7.600832e-01	-1.760083e+00
4.147461003687777e-01	7.995375e-01	1.163827e-03	7.976214e-01	1.000000e+00	7.976214e-01	-1.797621e+00
4.157226628687777e-01	8.348631e-01	1.959598e-03	8.321180e-01	1.000000e+00	8.321180e-01	-1.832118e+00
4.176757878687777e-01	8.959664e-01	3.644404e-03	8.914790e-01	1.000000e+00	8.914790e-01	-1.891479e+00
4.196289128687777e-01	9.435936e-01	5.431998e-03	9.372737e-01	1.000000e+00	9.372737e-01	-1.937274e+00
4.215820378687777e-01	9.770283e-01	7.295186e-03	9.688137e-01	1.000000e+00	9.688137e-01	-1.968814e+00
4.235351628687777e-01	9.957675e-01	9.205636e-03	9.856248e-01	1.000000e+00	9.856248e-01	-1.985625e+00
4.254882878687777e-01	9.995294e-01	1.113431e-02	9.874546e-01	1.000000e+00	9.874546e-01	-1.987455e+00
4.274414128687777e-01	9.882575e-01	1.305188e-02	9.742757e-01	1.000000e+00	9.742757e-01	-1.974276e+00
4.293945378687777e-01	9.621213e-01	1.492922e-02	9.462868e-01	1.000000e+00	9.462868e-01	-1.946287e+00
4.313476628687777e-01	9.215139e-01	1.673777e-02	9.039090e-01	1.000000e+00	9.039090e-01	-1.903909e+00
4.333007878687777e-01	8.670461e-01	1.845004e-02	8.477802e-01	1.000000e+00	8.477802e-01	-1.847780e+00
4.352539128687777e-01	7.995370e-01	2.003996e-02	7.787448e-01	1.000000e+00	7.787448e-01	-1.778745e+00
4.372070378687777e-01	7.200022e-01	2.148332e-02	6.978414e-01	1.000000e+00	6.978414e-01	-1.697841e+00
4.391601628687777e-01	6.296379e-01	2.275810e-02	6.062874e-01	1.000000e+00	6.062874e-01	-1.606287e+00
4.411132878687777e-01	5.298033e-01	2.384483e-02	5.054599e-01	1.000000e+00	5.054599e-01	-1.505460e+00
4.430664128687777e-01	4.219999e-01	2.472687e-02	3.968759e-01	1.000000e+00	3.968759e-01	-1.396876e+00
4.450195378687777e-01	3.078493e-01	2.539064e-02	2.821689e-01	1.000000e+00	2.821689e-01	-1.282169e+00
4.469726628687777e-01	1.890683e-01	2.582587e-02	1.630645e-01	1.000000e+00	1.630645e-01	-1.163064e+00
4.489257878687777e-01	6.744350e-02	2.602571e-02	4.135434e-02	1.000000e+00	4.135434e-02	-1.041354e+00
4.508789128687777e-01	-5.519566e-02	2.598684e-02	-8.113057e-02	1.000000e+00	-8.113057e-02	-9.188694e-01
4.528320378687777e-01	-1.770046e-01	2.570957e-02	-2.025476e-01	1.000000e+00	-2.025476e-01	-7.974523e-01
4.547851628687777e-01	-2.961513e-01	2.519776e-02	-3.210704e-01	1.000000e+00	-3.210704e-01	-6.789296e-01
4.567382878687777e-01	-4.108436e-01	2.445882e-02	-4.349158e-01	1.000000e+00	-4.349158e-01	-5.650842e-01
4.586914128687777e-01	-5.193564e-01	2.350355e-02	-5.423712e-01	1.000000e+00	-5.423712e-01	-4.576288e-01
4.596679753687777e-01	-5.707811e-01	2.294908e-02	-5.931931e-01	1.000000e+00	-5.931931e-01	-4.068069e-01
4.606445378687777e-01	-6.200575e-01	2.234605e-02	-6.418201e-01	1.000000e+00	-6.418201e-01	-3.581799e-01
4.616211003687777e-01	-6.670002e-01	2.169668e-02	-6.880693e-01	1.000000e+00	-6.880693e-01	-3.119307e-01
4.625976628687777e-01	-7.114325e-01	2.100341e-02	-7.317665e-01	1.000000e+00	-7.317665e-01	-2.682335e-01
4.635742253687777e-01	-7.531871e-01	2.026878e-02	-7.727472e-01	1.000000e+00	-7.727472e-01	-2.272529e-01
4.645507878687777e-01	-7.921068e-01	1.949554e-02	-8.108571e-01	1.000000e+00	-8.108571e-01	-1.891430e-01
4.655273503687777e-01	-8.280452e-01	1.868655e-02	-8.459527e-01	1.000000e+00	-8.459527e-01	-1.540473e-01
4.665039128687777e-01	-8.608671e-01	1.784482e-02	-8.779019e-01	1.000000e+00	-8.779019e-01	-1.220981e-01
4.674804753687777e-01	-8.904489e-01	1.697349e-02	-9.065845e-01	1.000000e+00	-9.065845e-01	-9.341545e-02
4.684570378687777e-01	-9.166792e-01	1.607580e-02	-9.318925e-01	1.000000e+00	-9.318925e-01	-6.810752e-02
4.694336003687777e-01	-9.394594e-01	1.515508e-02	-9.537305e-01	1.000000e+00	-9.537305e-01	-4.626953e-02
4.704101628687777e-01	-9.587036e-01	1.421478e-02	-9.720163e-01	1.000000e+00	-9.720163e-01	-2.798372e-02
4.713867253687777e-01	-9.743395e-01	1.325838e-02	-9.866810e-01	1.000000e+00	-9.866810e-01	-1.331894e-02
4.723632878687777e-01	-9.863082e-01	1.228946e-02	-9.976696e-01	1.000000e+00	-9.976696e-01	-2.330436e-03
4.733398503687777e-01	-9.945646e-01	1.131162e-02	-1.004940e+00	1.000000e+00	-1.004940e+00	4.940407e-03
4.743164128687777e-01	-9.990777e-01	1.032851e-02	-1.008466e+00	1.000000e+00	-1.008466e+00	8.466183e-03
4.752929753687777e-01	-9.998306e-01	9.343796e-03	-1.008234e+00	1.000000e+00	-1.008234e+00	8.233587e-03
4.762695378687777e-01	-9.968203e-01	8.361142e-03	-1.004243e+00	1.000000e+00	-1.004243e+00	4.243456e-03
4.772461003687777e-01	-9.900581e-01	7.384211e-03	-9.965108e-01	1.000000e+00	-9.965108e-01	-3.489226e-03
4.782226628687777e-01	-9.795697e-01	6.416645e-03	-9.850646e-01	1.000000e+00	-9.850646e-01	-1.493539e-02
4.791992253687777e-01	-9.653943e-01	5.462049e-03	-9.699480e-01	1.000000e+00	-9.699480e-01	-3.005200e-02
4.801757878687777e-01	-9.475855e-01	4.523979e-03	-9.512178e-01	1.000000e+00	-9.512178e-01	-4.878219e-02
4.811523503687777e-01	-9.262101e-01	3.605932e-03	-9.289445e-01	1.000000e+00	-9.289445e-01	-7.105549e-02
4.821289128687777e-01	-9.013487e-01	2.711324e-03	-9.032118e-01	1.000000e+00	-9.032118e-01	-9.678812e-02
4.831054753687777e-01	-8.730948e-01	1.843488e-03	-8.741167e-01	1.000000e+00	-8.741167e-01	-1.258833e-01
4.840820378687777e-01	-8.415548e-01	1.005653e-03	-8.417686e-01	1.000000e+00	-8.417686e-01	-1.582314e-01
4.850586003687777e-01	-8.068473e-01	2.009376e-04	-8.062891e-01	1.000000e+00	-8.062891e-01	-1.937110e-01
4.860351628687777e-01	-7.691031e-01	-5.676663e-04	-7.678117e-01	1.000000e+00	-7.678117e-01	-2.321883e-01
4.870117253687777e-01	-7.284641e-01	-1.297302e-03	-7.264814e-01	1.000000e+00	-7.264814e-01	-2.735186e-01
4.879882878687777e-01	-6.850834e-01	-1.985258e-03	-6.824535e-01	1.000000e+00	-6.824535e-01	-3.175465e-01
4.889648503687777e-01	-6.391241e-01	-2.628982e-03	-6.358938e-01	1.000000e+00	-6.358938e-01	-3.641062e-01
4.899414128687777e-01	-5.907593e-01	-3.226087e-03	-5.869774e-01	1.000000e+00	-5.869774e-01	-4.130226e-01
4.909179753687777e-01	-5.401711e-01	-3.774362e-03	-5.358885e-01	1.000000e+00	-5.358885e-01	-4.641115e-01
4.918945378687777e-01	-4.875498e-01	-4.271778e-03	-4.828193e-01	1.000000e+00	-4.828193e-01	-5.171807e-01
4.928711003687777e-01	-4.330935e-01	-4.716499e-03	-4.279694e-01	1.000000e+00	-4.279694e-01	-5.720306e-01
4.938476628687777e-01	-3.770070e-01	-5.106887e-03	-3.715454e-01	1.000000e+00	-3.715454e-01	-6.284546e-01
4.948242253687777e-01	-3.195016e-01	-5.441508e-03	-3.137595e-01	1.000000e+00	-3.137595e-01	-6.862405e-01
4.958007878687777e-01	-2.607937e-01	-5.719139e-03	-2.548292e-01	1.000000e+00	-2.548292e-01	-7.451708e-01
4.967773503687777e-01	-2.011042e-01	-5.938771e-03	-1.949762e-01	1.000000e+00	-1.949762e-01	-8.050238e-01
4.977539128687777e-01	-1.406578e-01	-6.099612e-03	-1.344259e-01	1.000000e+00	-1.344259e-01	-8.655741e-01
4.987304753687777e-01	-7.968202e-02	-6.201092e-03	-7.340595e-02	1.000000e+00	-7.340595e-02	-9.265940e-01
4.997070378687777e-01	-1.840631e-02	-6.242866e-03	-1.214613e-02	1.000000e+00	-1.214613e-02	-9.878539e-01
5.006836003687777e-01	4.293867e-02	-6.224811e-03	4.912308e-02	1.000000e+00	4.912308e-02	-1.049123e+00
5.016601628687777e-01	1.041221e-01	-6.147030e-03	1.101711e-01	1.000000e+00	1.101711e-01	-1.110171e+00
5.026367253687777e-01	1.649135e-01	-6.009853e-03	1.707682e-01	1.000000e+00	1.707682e-01	-1.170768e+00
5.036132878687777e-01	2.250843e-01	-5.813830e-03	2.306864e-01	1.000000e+00	2.306864e-01	-1.230686e+00
5.045898503687777e-01	2.844079e-01	-5.559735e-03	2.897001e-01	1.000000e+00	2.897001e-01	-1.289700e+00
5.055664128687777e-01	3.426611e-01	-5.248560e-03	3.475872e-01	1.000000e+00	3.475872e-01	-1.347587e+00
5.065429753687777e-01	3.996246e-01	-4.881511e-03	4.041300e-01	1.000000e+00	4.041300e-01	-1.404130e+00
5.075195378687777e-01	4.550840e-01	-4.460003e-03	4.591157e-01	1.000000e+00	4.591157e-01	-1.459116e+00
5.084961003687777e-01	5.088305e-01	-3.985661e-03	5.123374e-01	1.000000e+00	5.123374e-01	-1.512337e+00
5.094726628687777e-01	5.606619e-01	-3.460304e-03	5.635947e-01	1.000000e+00	5.635947e-01	-1.563595e+00
5.104492253687777e-01	6.103832e-01	-2.885944e-03	6.126947e-01	1.000000e+00	6.126947e-01	-1.612695e+00
5.114257878687777e-01	6.578070e-01	-2.264778e-03	6.594528e-01	1.000000e+00	6.594528e-01	-1.659453e+00
5.124023503687777e-01	7.027550e-01	-1.599179e-03	7.036930e-01	1.000000e+00	7.036930e-01	-1.703693e+00
5.133789128687777e-01	7.450581e-01	-8.916883e-04	7.452487e-01	1.000000e+00	7.452487e-01	-1.745249e+00
5.143554753687777e-01	7.845569e-01	-1.450026e-04	7.839636e-01	1.000000e+00	7.839636e-01	-1.783964e+00
5.153320378687777e-01	8.211027e-01	6.380324e-04	8.196921e-01	1.000000e+00	8.196921e-01	-1.819692e+00
5.163086003687777e-01	8.545582e-01	1.454435e-03	8.522997e-01	1.000000e+00	8.522997e-01	-1.852300e+00
5.182617253687777e-01	9.117062e-01	3.174796e-03	9.076735e-01	1.000000e+00	9.076735e-01	-1.907674e+00
5.202148503687777e-01	9.551413e-01	4.989928e-03	9.492526e-01	1.000000e+00	9.492526e-01	-1.949253e+00
5.221679753687777e-01	9.842102e-01	6.872250e-03	9.764118e-01	1.000000e+00	9.764118e-01	-1.976412e+00
5.241211003687777e-01	9.984756e-01	8.793172e-03	9.887429e-01	1.000000e+00	9.887429e-01	-1.988743e+00
5.260742253687777e-01	9.977230e-01	1.072353e-02	9.860607e-01	1.000000e+00	9.860607e-01	-1.986061e+00
5.280273503687777e-01	9.819638e-01	1.263400e-02	9.684058e-01	1.000000e+00	9.684058e-01	-1.968406e+00
5.299804753687777e-01	9.514349e-01	1.449559e-02	9.360440e-01	1.000000e+00	9.360440e-01	-1.936044e+00
5.319336003687777e-01	9.065955e-01	1.628001e-02	8.894625e-01	1.000000e+00	8.894625e-01	-1.889462e+00
5.338867253687777e-01	8.481202e-01	1.796015e-02	8.293619e-01	1.000000e+00	8.293619e-01	-1.829362e+00
5.358398503687777e-01	7.768882e-01	1.951046e-02	7.566468e-01	1.000000e+00	7.566468e-01	-1.756647e+00
5.377929753687777e-01	6.939712e-01	2.090736e-02	6.724108e-01	1.000000e+00	6.724108e-01	-1.672411e+00
5.397461003687777e-01	6.006162e-01	2.212955e-02	5.779215e-01	1.000000e+00	5.779215e-01	-1.577921e+00
5.416992253687777e-01	4.982273e-01	2.315839e-02	4.746001e-01	1.000000e+00	4.746001e-01	-1.474600e+00
5.436523503687777e-01	3.883447e-01	2.397813e-02	3.640011e-01	1.000000e+00	3.640011e-01	-1.364001e+00
5.456054753687777e-01	2.726209e-01	2.457616e-02	2.477883e-01	1.000000e+00	2.477883e-01	-1.247788e+00
5.475586003687777e-01	1.527968e-01	2.494322e-02	1.277098e-01	1.000000e+00	1.277098e-01	-1.127710e+00
5.495117253687777e-01	3.067439e-02	2.507352e-02	5.572009e-03	1.000000e+00	5.572009e-03	-1.005572e+00
5.514648503687777e-01	-9.190937e-02	2.496482e-02	-1.167877e-01	1.000000e+00	-1.167877e-01	-8.832123e-01
5.534179753687777e-01	-2.131107e-01	2.461850e-02	-2.375287e-01	1.000000e+00	-2.375287e-01	-7.624713e-01
5.553711003687777e-01	-3.311067e-01	2.403949e-02	-3.548346e-01	1.000000e+00	-3.548346e-01	-6.451653e-01
5.573242253687777e-01	-4.441225e-01	2.323624e-02	-4.669409e-01	1.000000e+00	-4.669409e-01	-5.330591e-01
5.592773503687777e-01	-5.504583e-01	2.222055e-02	-5.721609e-01	1.000000e+00	-5.721609e-01	-4.278391e-01
5.602539128687777e-01	-6.006168e-01	2.163761e-02	-6.216893e-01	1.000000e+00	-6.216893e-01	-3.783107e-01
5.612304753687777e-01	-6.485147e-01	2.100744e-02	-6.689119e-01	1.000000e+00	-6.689119e-01	-3.310881e-01
5.622070378687777e-01	-6.939718e-01	2.033236e-02	-7.136511e-01	1.000000e+00	-7.136511e-01	-2.863489e-01
5.631836003687777e-01	-7.368168e-01	1.961488e-02	-7.557384e-01	1.000000e+00	-7.557384e-01	-2.442616e-01
5.641601628687777e-01	-7.768887e-01	1.885768e-02	-7.950154e-01	1.000000e+00	-7.950154e-01	-2.049846e-01
5.651367253687777e-01	-8.140365e-01	1.806356e-02	-8.313342e-01	1.000000e+00	-8.313342e-01	-1.686658e-01
5.661132878687777e-01	-8.481206e-01	1.723549e-02	-8.645580e-01	1.000000e+00	-8.645580e-01	-1.354420e-01
5.670898503687777e-01	-8.790124e-01	1.637654e-02	-8.945619e-01	1.000000e+00	-8.945619e-01	-1.054381e-01
5.680664128687777e-01	-9.065959e-01	1.548993e-02	-9.212328e-01	1.000000e+00	-9.212328e-01	-7.876725e-02
5.690429753687777e-01	-9.307671e-01	1.457894e-02	-9.444703e-01	1.000000e+00	-9.444703e-01	-5.552975e-02
5.700195378687777e-01	-9.514351e-01	1.364698e-02	-9.641869e-01	1.000000e+00	-9.641869e-01	-3.581312e-02
5.709961003687777e-01	-9.685222e-01	1.269752e-02	-9.803084e-01	1.000000e+00	-9.803084e-01	-1.969161e-02
5.719726628687777e-01	-9.819639e-01	1.173410e-02	-9.927741e-01	1.000000e+00	-9.927741e-01	-7.225928e-03
5.729492253687777e-01	-9.917098e-01	1.076031e-02	-1.001537e+00	1.000000e+00	-1.001537e+00	1.536976e-03
5.739257878687777e-01	-9.977231e-01	9.779794e-03	-1.006564e+00	1.000000e+00	-1.006564e+00	6.564088e-03
5.749023503687777e-01	-9.999812e-01	8.796200e-03	-1.007836e+00	1.000000e+00	-1.007836e+00	7.836452e-03
5.758789128687777e-01	-9.984756e-01	7.813199e-03	-1.005349e+00	1.000000e+00	-1.005349e+00	5.349248e-03
5.768554753687777e-01	-9.932119e-01	6.834459e-03	-9.991118e-01	1.000000e+00	-9.991118e-01	-8.881969e-04
5.778320378687777e-01	-9.842100e-01	5.863629e-03	-9.891475e-01	1.000000e+00	-9.891475e-01	-1.085244e-02
5.788086003687777e-01	-9.715038e-01	4.904331e-03	-9.754940e-01	1.000000e+00	-9.754940e-01	-2.450601e-02
5.797851628687777e-01	-9.551411e-01	3.960143e-03	-9.582025e-01	1.000000e+00	-9.582025e-01	-4.179754e-02
5.807617253687777e-01	-9.351833e-01	3.034587e-03	-9.373380e-01	1.000000e+00	-9.373380e-01	-6.266201e-02
5.817382878687777e-01	-9.117059e-01	2.131111e-03	-9.129791e-01	1.000000e+00	-9.129791e-01	-8.702089e-02
5.827148503687777e-01	-8.847969e-01	1.253086e-03	-8.852174e-01	1.000000e+00	-8.852174e-01	-1.147826e-01
5.836914128687777e-01	-8.545578e-01	4.037815e-04	-8.541574e-01	1.000000e+00	-8.541574e-01	-1.458425e-01
5.846679753687777e-01	-8.211023e-01	-4.136371e-04	-8.199160e-01	1.000000e+00	-8.199160e-01	-1.800840e-01
5.856445378687777e-01	-7.845563e-01	-1.196126e-03	-7.826220e-01	1.000000e+00	-7.826220e-01	-2.173780e-01
5.866211003687777e-01	-7.450575e-01	-1.940774e-03	-7.424157e-01	1.000000e+00	-7.424157e-01	-2.575843e-01
5.875976628687777e-01	-7.027544e-01	-2.644809e-03	-6.994483e-01	1.000000e+00	-6.994483e-01	-3.005516e-01
5.885742253687777e-01	-6.578064e-01	-3.305615e-03	-6.538818e-01	1.000000e+00	-6.538818e-01	-3.461182e-01
5.895507878687777e-01	-6.103825e-01	-3.920736e-03	-6.058874e-01	1.000000e+00	-6.058874e-01	-3.941126e-01
5.905273503687777e-01	-5.606613e-01	-4.487891e-03	-5.556458e-01	1.000000e+00	-5.556458e-01	-4.443542e-01
5.915039128687777e-01	-5.088298e-01	-5.004977e-03	-5.033460e-01	1.000000e+00	-5.033460e-01	-4.966540e-01
5.924804753687777e-01	-4.550832e-01	-5.470080e-03	-4.491849e-01	1.000000e+00	-4.491849e-01	-5.508151e-01
5.934570378687777e-01	-3.996238e-01	-5.881482e-03	-3.933663e-01	1.000000e+00	-3.933663e-01	-6.066337e-01
5.944336003687777e-01	-3.426603e-01	-6.237667e-03	-3.361003e-01	1.000000e+00	-3.361003e-01	-6.638998e-01
5.954101628687777e-01	-2.844071e-01	-6.537326e-03	-2.776022e-01	1.000000e+00	-2.776022e-01	-7.223978e-01
5.963867253687777e-01	-2.250835e-01	-6.779364e-03	-2.180924e-01	1.000000e+00	-2.180924e-01	-7.819077e-01
5.973632878687777e-01	-1.649127e-01	-6.962903e-03	-1.577946e-01	1.000000e+00	-1.577946e-01	-8.422053e-01
5.983398503687777e-01	-1.041212e-01	-7.087283e-03	-9.693597e-02	1.000000e+00	-9.693597e-02	-9.030640e-01
5.993164128687777e-01	-4.293784e-02	-7.152069e-03	-3.574537e-02	1.000000e+00	-3.574537e-02	-9.642546e-01
6.002929753687777e-01	1.840715e-02	-7.157049e-03	2.554687e-02	1.000000e+00	2.554687e-02	-1.025547e+00
6.012695378687777e-01	7.968285e-02	-7.102236e-03	8.671012e-02	1.000000e+00	8.671012e-02	-1.086710e+00
6.022461003687777e-01	1.406586e-01	-6.987869e-03	1.475142e-01	1.000000e+00	1.475142e-01	-1.147514e+00
6.032226628687777e-01	2.011050e-01	-6.814409e-03	2.077302e-01	1.000000e+00	2.077302e-01	-1.207730e+00
6.041992253687777e-01	2.607945e-01	-6.582543e-03	2.671317e-01	1.000000e+00	2.671317e-01	-1.267132e+00
6.051757878687777e-01	3.195024e-01	-6.293175e-03	3.254950e-01	1.000000e+00	3.254950e-01	-1.325495e+00
6.061523503687777e-01	3.770078e-01	-5.947425e-03	3.826005e-01	1.000000e+00	3.826005e-01	-1.382601e+00
6.071289128687777e-01	4.330942e-01	-5.546628e-03	4.382333e-01	1.000000e+00	4.382333e-01	-1.438233e+00
6.081054753687777e-01	4.875505e-01	-5.092322e-03	4.921841e-01	1.000000e+00	4.921841e-01	-1.492184e+00
6.090820378687777e-01	5.401718e-01	-4.586251e-03	5.442498e-01	1.000000e+00	5.442498e-01	-1.544250e+00
6.100586003687777e-01	5.907601e-01	-4.030350e-03	5.942345e-01	1.000000e+00	5.942345e-01	-1.594235e+00
6.110351628687777e-01	6.391248e-01	-3.426745e-03	6.419501e-01	1.000000e+00	6.419501e-01	-1.641950e+00
6.120117253687777e-01	6.850840e-01	-2.777737e-03	6.872171e-01	1.000000e+00	6.872171e-01	-1.687217e+00
6.129882878687777e-01	7.284647e-01	-2.085802e-03	7.298650e-01	1.000000e+00	7.298650e-01	-1.729865e+00
6.139648503687777e-01	7.691036e-01	-1.353577e-03	7.697335e-01	1.000000e+00	7.697335e-01	-1.769733e+00
6.149414128687777e-01	8.068478e-01	-5.838470e-04	8.066725e-01	1.000000e+00	8.066725e-01	-1.806672e+00
6.159179753687777e-01	8.415552e-01	2.204574e-04	8.405429e-01	1.000000e+00	8.405429e-01	-1.840543e+00
6.168945378687777e-01	8.730952e-01	1.056278e-03	8.712174e-01	1.000000e+00	8.712174e-01	-1.871217e+00
6.188476628687777e-01	9.262104e-01	2.809651e-03	9.225292e-01	1.000000e+00	9.225292e-01	-1.922529e+00
6.208007878687777e-01	9.653946e-01	4.649647e-03	9.598365e-01	1.000000e+00	9.598365e-01	-1.959836e+00
6.227539128687777e-01	9.900582e-01	6.548340e-03	9.825783e-01	1.000000e+00	9.825783e-01	-1.982578e+00
6.247070378687777e-01	9.998306e-01	8.476922e-03	9.904129e-01	1.000000e+00	9.904129e-01	-1.990413e+00
6.266601628687777e-01	9.945645e-01	1.040613e-02	9.832226e-01	1.000000e+00	9.832226e-01	-1.983223e+00
6.286132878687777e-01	9.743393e-01	1.230671e-02	9.611158e-01	1.000000e+00	9.611158e-01	-1.961116e+00
6.305664128687777e-01	9.394591e-01	1.414981e-02	9.244253e-01	1.000000e+00	9.244253e-01	-1.924425e+00
6.325195378687777e-01	8.904485e-01	1.590746e-02	8.737032e-01	1.000000e+00	8.737032e-01	-1.873703e+00
6.344726628687777e-01	8.280448e-01	1.755299e-02	8.097126e-01	1.000000e+00	8.097126e-01	-1.809713e+00
6.364257878687777e-01	7.531865e-01	1.906139e-02	7.334164e-01	1.000000e+00	7.334164e-01	-1.733416e+00
6.383789128687777e-01	6.669996e-01	2.040972e-02	6.459623e-01	1.000000e+00	6.459623e-01	-1.645962e+00
6.403320378687777e-01	5.707804e-01	2.157747e-02	5.486659e-01	1.000000e+00	5.486659e-01	-1.548666e+00
6.422851628687777e-01	4.659761e-01	2.254681e-02	4.429909e-01	1.000000e+00	4.429909e-01	-1.442991e+00
6.442382878687777e-01	3.541631e-01	2.330293e-02	3.305269e-01	1.000000e+00	3.305269e-01	-1.330527e+00
6.461914128687777e-01	2.370232e-01	2.383419e-02	2.129660e-01	1.000000e+00	2.129660e-01	-1.212966e+00
6.481445378687777e-01	1.163182e-01	2.413238e-02	9.207638e-02	1.000000e+00	9.207638e-02	-1.092076e+00
6.500976628687777e-01	-6.136301e-03	2.419276e-02	-3.032329e-02	1.000000e+00	-3.032329e-02	-9.696767e-01
6.520507878687777e-01	-1.284985e-01	2.401418e-02	-1.523918e-01	1.000000e+00	-1.523918e-01	-8.476082e-01
6.540039128687777e-01	-2.489280e-01	2.359907e-02	-2.722929e-01	1.000000e+00	-2.722929e-01	-7.277071e-01
6.559570378687777e-01	-3.656134e-01	2.295344e-02	-3.882228e-01	1.000000e+00	-3.882228e-01	-6.117772e-01
6.579101628687777e-01	-4.767996e-01	2.208676e-02	-4.984377e-01	1.000000e+00	-4.984377e-01	-5.015623e-01
6.598632878687777e-01	-5.808143e-01	2.101182e-02	-6.012796e-01	1.000000e+00	-6.012796e-01	-3.987204e-01
6.608398503687777e-01	-6.296386e-01	2.040112e-02	-6.494472e-01	1.000000e+00	-6.494472e-01	-3.505528e-01
6.618164128687777e-01	-6.760930e-01	1.974455e-02	-6.952014e-01	1.000000e+00	-6.952014e-01	-3.047986e-01
6.627929753687777e-01	-7.200028e-01	1.904456e-02	-7.383699e-01	1.000000e+00	-7.383699e-01	-2.616301e-01
6.637695378687777e-01	-7.612026e-01	1.830376e-02	-7.787902e-01	1.000000e+00	-7.787902e-01	-2.212098e-01
6.647461003687777e-01	-7.995375e-01	1.752490e-02	-8.163101e-01	1.000000e+00	-8.163101e-01	-1.836899e-01
6.657226628687777e-01	-8.348631e-01	1.671089e-02	-8.507885e-01	1.000000e+00	-8.507885e-01	-1.492116e-01
6.666992253687777e-01	-8.670465e-01	1.586476e-02	-8.820954e-01	1.000000e+00	-8.820954e-01	-1.179046e-01
6.676757878687777e-01	-8.959664e-01	1.498966e-02	-9.101130e-01	1.000000e+00	-9.101130e-01	-8.988696e-02
6.686523503687777e-01	-9.215142e-01	1.408885e-02	-9.347360e-01	1.000000e+00	-9.347360e-01	-6.526405e-02
6.696289128687777e-01	-9.435936e-01	1.316570e-02	-9.558715e-01	1.000000e+00	-9.558715e-01	-4.412857e-02
6.706054753687777e-01	-9.621215e-01	1.222366e-02	-9.734399e-01	1.000000e+00	-9.734399e-01	-2.656013e-02
6.715820378687777e-01	-9.770283e-01	1.126623e-02	-9.873751e-01	1.000000e+00	-9.873751e-01	-1.262487e-02
6.725586003687777e-01	-9.882576e-01	1.029699e-02	-9.976247e-01	1.000000e+00	-9.976247e-01	-2.375275e-03
6.735351628687777e-01	-9.957675e-01	9.319559e-03	-1.004150e+00	1.000000e+00	-1.004150e+00	4.150051e-03
6.745117253687777e-01	-9.995294e-01	8.337588e-03	-1.006927e+00	1.000000e+00	-1.006927e+00	6.926517e-03
6.754882878687777e-01	-9.995294e-01	7.354741e-03	-1.005944e+00	1.000000e+00	-1.005944e+00	5.943645e-03
6.764648503687777e-01	-9.957674e-01	6.374688e-03	-1.001205e+00	1.000000e+00	-1.001205e+00	1.205103e-03
6.774414128687777e-01	-9.882575e-01	5.401088e-03	-9.927287e-01	1.000000e+00	-9.927287e-01	-7.271302e-03
6.784179753687777e-01	-9.770281e-01	4.437575e-03	-9.805463e-01	1.000000e+00	-9.805463e-01	-1.945370e-02
6.793945378687777e-01	-9.621213e-01	3.487745e-03	-9.647037e-01	1.000000e+00	-9.647037e-01	-3.529627e-02
6.803711003687777e-01	-9.435933e-01	2.555146e-03	-9.452606e-01	1.000000e+00	-9.452606e-01	-5.473940e-02
6.813476628687777e-01	-9.215139e-01	1.643256e-03	-9.222900e-01	1.000000e+00	-9.222900e-01	-7.770996e-02
6.823242253687777e-01	-8.959661e-01	7.554780e-04	-8.958785e-01	1.000000e+00	-8.958785e-01	-1.041215e-01
6.833007878687777e-01	-8.670461e-01	-1.048754e-04	-8.661253e-01	1.000000e+00	-8.661253e-01	-1.338747e-01
6.842773503687777e-01	-8.348626e-01	-9.345961e-04	-8.331425e-01	1.000000e+00	-8.331425e-01	-1.668575e-01
6.852539128687777e-01	-7.995370e-01	-1.730590e-03	-7.970541e-01	1.000000e+00	-7.970541e-01	-2.029459e-01
6.862304753687777e-01	-7.612021e-01	-2.489892e-03	-7.579960e-01	1.000000e+00	-7.579960e-01	-2.420040e-01
6.872070378687777e-01	-7.200022e-01	-3.209673e-03	-7.161151e-01	1.000000e+00	-7.161151e-01	-2.838849e-01
6.881836003687777e-01	-6.760924e-01	-3.887253e-03	-6.715690e-01	1.000000e+00	-6.715690e-01	-3.284310e-01
6.891601628687777e-01	-6.296379e-01	-4.520112e-03	-6.245254e-01	1.000000e+00	-6.245254e-01	-3.754746e-01
6.901367253687777e-01	-5.808136e-01	-5.105896e-03	-5.751612e-01	1.000000e+00	-5.751612e-01	-4.248388e-01
6.911132878687777e-01	-5.298033e-01	-5.642431e-03	-5.236623e-01	1.000000e+00	-5.236623e-01	-4.763377e-01
6.920898503687777e-01	-4.767989e-01	-6.127726e-03	-4.702225e-01	1.000000e+00	-4.702225e-01	-5.297775e-01
6.930664128687777e-01	-4.219999e-01	-6.559985e-03	-4.150428e-01	1.000000e+00	-4.150428e-01	-5.849571e-01
6.940429753687777e-01	-3.656126e-01	-6.937609e-03	-3.583310e-01	1.000000e+00	-3.583310e-01	-6.416690e-01
6.950195378687777e-01	-3.078493e-01	-7.259206e-03	-3.003004e-01	1.000000e+00	-3.003004e-01	-6.996996e-01
6.959961003687777e-01	-2.489272e-01	-7.523596e-03	-2.411694e-01	1.000000e+00	-2.411694e-01	-7.588306e-01
6.969726628687777e-01	-1.890683e-01	-7.729812e-03	-1.811605e-01	1.000000e+00	-1.811605e-01	-8.188394e-01
6.979492253687777e-01	-1.284977e-01	-7.877106e-03	-1.204997e-01	1.000000e+00	-1.204997e-01	-8.795003e-01
6.999023503687777e-01	-6.135469e-03	-7.993057e-03	1.863360e-03	1.000000e+00	1.863360e-03	-1.001863e+00
7.018554753687777e-01	1.163190e-01	-7.869936e-03	1.240795e-01	1.000000e+00	1.240795e-01	-1.124079e+00
7.028320378687777e-01	1.770046e-01	-7.719234e-03	1.845573e-01	1.000000e+00	1.845573e-01	-1.184557e+00
7.038086003687777e-01	2.370240e-01	-7.509826e-03	2.443108e-01	1.000000e+00	2.443108e-01	-1.244311e+00
7.047851628687777e-01	2.961513e-01	-7.242528e-03	3.031151e-01	1.000000e+00	3.031151e-01	-1.303115e+00
7.057617253687777e-01	3.541639e-01	-6.918375e-03	3.607490e-01	1.000000e+00	3.607490e-01	-1.360749e+00
7.067382878687777e-01	4.108436e-01	-6.538617e-03	4.169956e-01	1.000000e+00	4.169956e-01	-1.416996e+00
7.077148503687777e-01	4.659769e-01	-6.104711e-03	4.716431e-01	1.000000e+00	4.716431e-01	-1.471643e+00
7.086914128687777e-01	5.193564e-01	-5.618320e-03	5.244860e-01	1.000000e+00	5.244860e-01	-1.524486e+00
7.096679753687777e-01	5.707811e-01	-5.081303e-03	5.753253e-01	1.000000e+00	5.753253e-01	-1.575325e+00
7.106445378687777e-01	6.200575e-01	-4.495710e-03	6.239698e-01	1.000000e+00	6.239698e-01	-1.623970e+00
7.116211003687777e-01	6.670002e-01	-3.863773e-03	6.702364e-01	1.000000e+00	6.702364e-01	-1.670236e+00
7.125976628687777e-01	7.114325e-01	-3.187900e-03	7.139510e-01	1.000000e+00	7.139510e-01	-1.713951e+00
7.135742253687777e-01	7.531871e-01	-2.470664e-03	7.549490e-01	1.000000e+00	7.549490e-01	-1.754949e+00
7.145507878687777e-01	7.921068e-01	-1.714792e-03	7.930763e-01	1.000000e+00	7.930763e-01	-1.793076e+00
7.155273503687777e-01	8.280452e-01	-9.231587e-04	8.281893e-01	1.000000e+00	8.281893e-01	-1.828189e+00
7.165039128687777e-01	8.608671e-01	-9.877145e-05	8.601559e-01	1.000000e+00	8.601559e-01	-1.860156e+00
7.174804753687777e-01	8.904489e-01	7.552382e-04	8.888558e-01	1.000000e+00	8.888558e-01	-1.888856e+00
7.194336003687777e-01	9.394594e-01	2.539054e-03	9.360363e-01	1.000000e+00	9.360363e-01	-1.936036e+00
7.213867253687777e-01	9.743395e-01	4.401230e-03	9.690214e-01	1.000000e+00	9.690214e-01	-1.969021e+00
7.233398503687777e-01	9.945646e-01	6.313530e-03	9.873152e-01	1.000000e+00	9.873152e-01	-1.987315e+00
7.252929753687777e-01	9.998306e-01	8.246965e-03	9.906428e-01	1.000000e+00	9.906428e-01	-1.990643e+00
7.272461003687777e-01	9.900581e-01	1.017223e-02	9.789544e-01	1.000000e+00	9.789544e-01	-1.978954e+00
7.291992253687777e-01	9.653943e-01	1.206013e-02	9.524258e-01	1.000000e+00	9.524258e-01	-1.952426e+00
7.311523503687777e-01	9.262101e-01	1.388206e-02	9.114565e-01	1.000000e+00	9.114565e-01	-1.911457e+00
7.331054753687777e-01	8.730948e-01	1.561038e-02	8.566629e-01	1.000000e+00	8.566629e-01	-1.856663e+00
7.350586003687777e-01	8.068473e-01	1.721887e-02	7.888692e-01	1.000000e+00	7.888692e-01	-1.788869e+00
7.370117253687777e-01	7.284641e-01	1.868312e-02	7.090955e-01	1.000000e+00	7.090955e-01	-1.709095e+00
7.389648503687777e-01	6.391241e-01	1.998088e-02	6.185418e-01	1.000000e+00	6.185418e-01	-1.618542e+00
7.409179753687777e-01	5.401711e-01	2.109240e-02	5.185704e-01	1.000000e+00	5.185704e-01	-1.518570e+00
7.428711003687777e-01	4.330935e-01	2.200075e-02	4.106852e-01	1.000000e+00	4.106852e-01	-1.410685e+00
7.448242253687777e-01	3.195016e-01	2.269203e-02	2.965090e-01	1.000000e+00	2.965090e-01	-1.296509e+00
7.467773503687777e-01	2.011042e-01	2.315564e-02	1.777594e-01	1.000000e+00	1.777594e-01	-1.177759e+00
7.487304753687777e-01	7.968202e-02	2.338436e-02	5.622268e-02	1.000000e+00	5.622268e-02	-1.056223e+00
7.506836003687777e-01	-4.293867e-02	2.337455e-02	-6.627283e-02	1.000000e+00	-6.627283e-02	-9.337271e-01
7.526367253687777e-01	-1.649135e-01	2.312613e-02	-1.878845e-01	1.000000e+00	-1.878845e-01	-8.121155e-01
7.545898503687777e-01	-2.844079e-01	2.264262e-02	-3.067829e-01	1.000000e+00	-3.067829e-01	-6.932170e-01
7.565429753687777e-01	-3.996246e-01	2.193106e-02	-4.211796e-01	1.000000e+00	-4.211796e-01	-5.788203e-01
7.584961003687777e-01	-5.088305e-01	2.100194e-02	-5.293536e-01	1.000000e+00	-5.293536e-01	-4.706463e-01
7.594726628687777e-01	-5.606619e-01	2.045998e-02	-5.805943e-01	1.000000e+00	-5.805943e-01	-4.194056e-01
7.604492253687777e-01	-6.103832e-01	1.986902e-02	-6.296778e-01	1.000000e+00	-6.296778e-01	-3.703222e-01
7.614257878687777e-01	-6.578070e-01	1.923128e-02	-6.764193e-01	1.000000e+00	-6.764193e-01	-3.235807e-01
7.624023503687777e-01	-7.027550e-01	1.854912e-02	-7.206429e-01	1.000000e+00	-7.206429e-01	-2.793571e-01
7.633789128687777e-01	-7.450581e-01	1.782509e-02	-7.621821e-01	1.000000e+00	-7.621821e-01	-2.378179e-01
7.643554753687777e-01	-7.845569e-01	1.706187e-02	-8.008805e-01	1.000000e+00	-8.008805e-01	-1.991195e-01
7.653320378687777e-01	-8.211027e-01	1.626232e-02	-8.365924e-01	1.000000e+00	-8.365924e-01	-1.634075e-01
7.663086003687777e-01	-8.545582e-01	1.542943e-02	-8.691835e-01	1.000000e+00	-8.691835e-01	-1.308165e-01
7.672851628687777e-01	-8.847973e-01	1.456629e-02	-8.985310e-01	1.000000e+00	-8.985310e-01	-1.014690e-01
7.682617253687777e-01	-9.117062e-01	1.367612e-02	-9.245245e-01	1.000000e+00	-9.245245e-01	-7.547554e-02
7.692382878687777e-01	-9.351836e-01	1.276226e-02	-9.470659e-01	1.000000e+00	-9.470659e-01	-5.293404e-02
7.702148503687777e-01	-9.551413e-01	1.182811e-02	-9.660707e-01	1.000000e+00	-9.660707e-01	-3.392933e-02
7.711914128687777e-01	-9.715040e-01	1.087716e-02	-9.814670e-01	1.000000e+00	-9.814670e-01	-1.853298e-02
7.721679753687777e-01	-9.842102e-01	9.912972e-03	-9.931971e-01	1.000000e+00	-9.931971e-01	-6.802948e-03
7.731445378687777e-01	-9.932120e-01	8.939138e-03	-1.001217e+00	1.000000e+00	-1.001217e+00	1.216579e-03
7.741211003687777e-01	-9.984756e-01	7.959298e-03	-1.005495e+00	1.000000e+00	-1.005495e+00	5.495392e-03
7.750976628687777e-01	-9.999812e-01	6.977114e-03	-1.006017e+00	1.000000e+00	-1.006017e+00	6.017361e-03
7.760742253687777e-01	-9.977230e-01	5.996255e-03	-1.002780e+00	1.000000e+00	-1.002780e+00	2.780493e-03
7.770507878687777e-01	-9.917097e-01	5.020387e-03	-9.957969e-01	1.000000e+00	-9.957969e-01	-4.203055e-03
7.780273503687777e-01	-9.819638e-01	4.053156e-03	-9.850930e-01	1.000000e+00	-9.850930e-01	-1.490703e-02
7.790039128687777e-01	-9.685220e-01	3.098175e-03	-9.707088e-01	1.000000e+00	-9.707088e-01	-2.929116e-02
7.799804753687777e-01	-9.514349e-01	2.159011e-03	-9.526986e-01	1.000000e+00	-9.526986e-01	-4.730134e-02
7.809570378687777e-01	-9.307668e-01	1.239173e-03	-9.311302e-01	1.000000e+00	-9.311302e-01	-6.886981e-02
7.819336003687777e-01	-9.065955e-01	3.420951e-04	-9.060845e-01	1.000000e+00	-9.060845e-01	-9.391543e-02
7.829101628687777e-01	-8.790120e-01	-5.288720e-04	-8.776560e-01	1.000000e+00	-8.776560e-01	-1.223439e-01
7.838867253687777e-01	-8.481202e-01	-1.370477e-03	-8.459516e-01	1.000000e+00	-8.459516e-01	-1.540484e-01
7.848632878687777e-01	-8.140361e-01	-2.179580e-03	-8.110905e-01	1.000000e+00	-8.110905e-01	-1.889095e-01
7.858398503687777e-01	-7.768882e-01	-2.953161e-03	-7.732040e-01	1.000000e+00	-7.732040e-01	-2.267960e-01
7.868164128687777e-01	-7.368163e-01	-3.688336e-03	-7.324346e-01	1.000000e+00	-7.324346e-01	-2.675653e-01
7.877929753687777e-01	-6.939712e-01	-4.382365e-03	-6.889358e-01	1.000000e+00	-6.889358e-01	-3.110642e-01
7.887695378687777e-01	-6.485141e-01	-5.032661e-03	-6.428712e-01	1.000000e+00	-6.428712e-01	-3.571288e-01
7.897461003687777e-01	-6.006162e-01	-5.636805e-03	-5.944142e-01	1.000000e+00	-5.944142e-01	-4.055858e-01
7.916992253687777e-01	-4.982273e-01	-6.697825e-03	-4.910607e-01	1.000000e+00	-4.910607e-01	-5.089393e-01
7.936523503687777e-01	-3.883447e-01	-7.549678e-03	-3.804296e-01	1.000000e+00	-3.804296e-01	-6.195704e-01
7.956054753687777e-01	-2.726209e-01	-8.179765e-03	-2.641847e-01	1.000000e+00	-2.641847e-01	-7.358153e-01
7.975586003687777e-01	-1.527968e-01	-8.578817e-03	-1.440742e-01	1.000000e+00	-1.440742e-01	-8.559258e-01
7.995117253687777e-01	-3.067439e-02	-8.741045e-03	-2.190448e-02	1.000000e+00	-2.190448e-02	-9.780955e-01
8.014648503687777e-01	9.190937e-02	-8.664220e-03	1.004871e-01	1.000000e+00	1.004871e-01	-1.100487e+00
8.034179753687777e-01	2.131107e-01	-8.349704e-03	2.212599e-01	1.000000e+00	2.212599e-01	-1.221260e+00
8.053711003687777e-01	3.311067e-01	-7.802440e-03	3.385976e-01	1.000000e+00	3.385976e-01	-1.338598e+00
8.073242253687777e-01	4.441225e-01	-7.030867e-03	4.507355e-01	1.000000e+00	4.507355e-01	-1.450736e+00
8.092773503687777e-01	5.504583e-01	-6.046799e-03	5.559872e-01	1.000000e+00	5.559872e-01	-1.555987e+00
8.112304753687777e-01	6.485147e-01	-4.865247e-03	6.527697e-01	1.000000e+00	6.527697e-01	-1.652770e+00
8.122070378687777e-01	6.939718e-01	-4.205924e-03	6.975247e-01	1.000000e+00	6.975247e-01	-1.697525e+00
8.131836003687777e-01	7.368168e-01	-3.504189e-03	7.396277e-01	1.000000e+00	7.396277e-01	-1.739628e+00
8.141601628687777e-01	7.768887e-01	-2.762710e-03	7.789204e-01	1.000000e+00	7.789204e-01	-1.778920e+00
8.151367253687777e-01	8.140365e-01	-1.984304e-03	8.152549e-01	1.000000e+00	8.152549e-01	-1.815255e+00
8.161132878687777e-01	8.481206e-01	-1.171927e-03	8.484945e-01	1.000000e+00	8.484945e-01	-1.848495e+00
8.170898503687777e-01	8.790124e-01	-3.286609e-04	8.785140e-01	1.000000e+00	8.785140e-01	-1.878514e+00
8.180664128687777e-01	9.065959e-01	5.422935e-04	9.052005e-01	1.000000e+00	9.052005e-01	-1.905201e+00
8.200195378687777e-01	9.514351e-01	2.353960e-03	9.481860e-01	1.000000e+00	9.481860e-01	-1.948186e+00
8.219726628687777e-01	9.819639e-01	4.235619e-03	9.768044e-01	1.000000e+00	9.768044e-01	-1.976804e+00
8.239257878687777e-01	9.977231e-01	6.158761e-03	9.906255e-01	1.000000e+00	9.906255e-01	-1.990626e+00
8.258789128687777e-01	9.984756e-01	8.094257e-03	9.894418e-01	1.000000e+00	9.894418e-01	-1.989442e+00
8.278320378687777e-01	9.842100e-01	1.001279e-02	9.732711e-01	1.000000e+00	9.732711e-01	-1.973271e+00
8.297851628687777e-01	9.551411e-01	1.188529e-02	9.423570e-01	1.000000e+00	9.423570e-01	-1.942357e+00
8.317382878687777e-01	9.117059e-01	1.368341e-02	8.971646e-01	1.000000e+00	8.971646e-01	-1.897165e+00
8.336914128687777e-01	8.545578e-01	1.537988e-02	8.383738e-01	1.000000e+00	8.383738e-01	-1.838374e+00
8.356445378687777e-01	7.845563e-01	1.694899e-02	7.668691e-01	1.000000e+00	7.668691e-01	-1.766869e+00
8.375976628687777e-01	7.027544e-01	1.836694e-02	6.837263e-01	1.000000e+00	6.837263e-01	-1.683726e+00
8.395507878687777e-01	6.103825e-01	1.961219e-02	5.901960e-01	1.000000e+00	5.901960e-01	-1.590196e+00
8.415039128687777e-01	5.088298e-01	2.066581e-02	4.876852e-01	1.000000e+00	4.876852e-01	-1.487685e+00
8.434570378687777e-01	3.996238e-01	2.151176e-02	3.777360e-01	1.000000e+00	3.777360e-01	-1.377736e+00
8.454101628687777e-01	2.844071e-01	2.213710e-02	2.620024e-01	1.000000e+00	2.620024e-01	-1.262002e+00
8.473632878687777e-01	1.649127e-01	2.253224e-02	1.422253e-01	1.000000e+00	1.422253e-01	-1.142225e+00
8.493164128687777e-01	4.293784e-02	2.269103e-02	2.020641e-02	1.000000e+00	2.020641e-02	-1.020206e+00
8.512695378687777e-01	-7.968285e-02	2.261088e-02	-1.022188e-01	1.000000e+00	-1.022188e-01	-8.977813e-01
8.532226628687777e-01	-2.011050e-01	2.229279e-02	-2.232086e-01	1.000000e+00	-2.232086e-01	-7.767914e-01
8.551757878687777e-01	-3.195024e-01	2.174135e-02	-3.409431e-01	1.000000e+00	-3.409431e-01	-6.590568e-01
8.571289128687777e-01	-4.330942e-01	2.096466e-02	-4.536513e-01	1.000000e+00	-4.536513e-01	-5.463487e-01
8.590820378687777e-01	-5.401718e-01	1.997420e-02	-5.596378e-01	1.000000e+00	-5.596378e-01	-4.403622e-01
8.600586003687777e-01	-5.907601e-01	1.940328e-02	-6.096075e-01	1.000000e+00	-6.096075e-01	-3.903925e-01
8.610351628687777e-01	-6.391248e-01	1.878467e-02	-6.573080e-01	1.000000e+00	-6.573080e-01	-3.426920e-01
8.620117253687777e-01	-6.850840e-01	1.812067e-02	-7.025600e-01	1.000000e+00	-7.025600e-01	-2.974400e-01
8.629882878687777e-01	-7.284647e-01	1.741376e-02	-7.451930e-01	1.000000e+00	-7.451930e-01	-2.548070e-01
8.639648503687777e-01	-7.691036e-01	1.666657e-02	-7.850465e-01	1.000000e+00	-7.850465e-01	-2.149535e-01
8.649414128687777e-01	-8.068478e-01	1.588190e-02	-8.219705e-01	1.000000e+00	-8.219705e-01	-1.780295e-01
8.659179753687777e-01	-8.415552e-01	1.506266e-02	-8.558260e-01	1.000000e+00	-8.558260e-01	-1.441740e-01
8.668945378687777e-01	-8.730952e-01	1.421192e-02	-8.864856e-01	1.000000e+00	-8.864856e-01	-1.135144e-01
8.678711003687777e-01	-9.013490e-01	1.333286e-02	-9.138338e-01	1.000000e+00	-9.138338e-01	-8.616623e-02
8.688476628687777e-01	-9.262104e-01	1.242876e-02	-9.377676e-01	1.000000e+00	-9.377676e-01	-6.223235e-02
8.698242253687777e-01	-9.475857e-01	1.150299e-02	-9.581971e-01	1.000000e+00	-9.581971e-01	-4.180291e-02
8.708007878687777e-01	-9.653946e-01	1.055903e-02	-9.750452e-01	1.000000e+00	-9.750452e-01	-2.495480e-02
8.717773503687777e-01	-9.795699e-01	9.600389e-03	-9.882485e-01	1.000000e+00	-9.882485e-01	-1.175148e-02
8.727539128687777e-01	-9.900582e-01	8.630659e-03	-9.977573e-01	1.000000e+00	-9.977573e-01	-2.242661e-03
8.737304753687777e-01	-9.968203e-01	7.653465e-03	-1.003536e+00	1.000000e+00	-1.003536e+00	3.535846e-03
8.747070378687777e-01	-9.998306e-01	6.672461e-03	-1.005562e+00	1.000000e+00	-1.005562e+00	5.562266e-03
8.756836003687777e-01	-9.990777e-01	5.691312e-03	-1.003829e+00	1.000000e+00	-1.003829e+00	3.828947e-03
8.766601628687777e-01	-9.945645e-01	4.713690e-03	-9.983424e-01	1.000000e+00	-9.983424e-01	-1.657612e-03
8.776367253687777e-01	-9.863080e-01	3.743248e-03	-9.891232e-01	1.000000e+00	-9.891232e-01	-1.087678e-02
8.786132878687777e-01	-9.743393e-01	2.783614e-03	-9.762061e-01	1.000000e+00	-9.762061e-01	-2.379389e-02
8.795898503687777e-01	-9.587033e-01	1.838377e-03	-9.596397e-01	1.000000e+00	-9.596397e-01	-4.036035e-02
8.805664128687777e-01	-9.394591e-01	9.110696e-04	-9.394861e-01	1.000000e+00	-9.394861e-01	-6.051383e-02
8.815429753687777e-01	-9.166789e-01	5.157621e-06	-9.158215e-01	1.000000e+00	-9.158215e-01	-8.417849e-02
8.825195378687777e-01	-8.904485e-01	-8.759733e-04	-8.887347e-01	1.000000e+00	-8.887347e-01	-1.112653e-01
8.834961003687777e-01	-8.608667e-01	-1.729031e-03	-8.583276e-01	1.000000e+00	-8.583276e-01	-1.416723e-01
8.844726628687777e-01	-8.280448e-01	-2.550829e-03	-8.247148e-01	1.000000e+00	-8.247148e-01	-1.752852e-01
8.854492253687777e-01	-7.921063e-01	-3.338299e-03	-7.880227e-01	1.000000e+00	-7.880227e-01	-2.119773e-01
8.864257878687777e-01	-7.531865e-01	-4.088500e-03	-7.483893e-01	1.000000e+00	-7.483893e-01	-2.516107e-01
8.874023503687777e-01	-7.114319e-01	-4.798633e-03	-7.059639e-01	1.000000e+00	-7.059639e-01	-2.940361e-01
8.883789128687777e-01	-6.669996e-01	-5.466050e-03	-6.609060e-01	1.000000e+00	-6.609060e-01	-3.390940e-01
8.893554753687777e-01	-6.200569e-01	-6.088262e-03	-6.133852e-01	1.000000e+00	-6.133852e-01	-3.866148e-01
8.913086003687777e-01	-5.193557e-01	-7.187982e-03	-5.116790e-01	1.000000e+00	-5.116790e-01	-4.883210e-01
8.932617253687777e-01	-4.108428e-01	-8.081442e-03	-4.023748e-01	1.000000e+00	-4.023748e-01	-5.976253e-01
8.952148503687777e-01	-2.961505e-01	-8.755396e-03	-2.871164e-01	1.000000e+00	-2.871164e-01	-7.128836e-01
8.971679753687777e-01	-1.770038e-01	-9.199898e-03	-1.676374e-01	1.000000e+00	-1.676374e-01	-8.323627e-01
8.991211003687777e-01	-5.519483e-02	-9.408453e-03	-4.573444e-02	1.000000e+00	-4.573444e-02	-9.542656e-01
9.000976628687777e-01	6.136301e-03	-9.423191e-03	1.555372e-02	1.000000e+00	1.555372e-02	-1.015554e+00
9.020507878687777e-01	1.284985e-01	-9.273424e-03	1.376510e-01	1.000000e+00	1.376510e-01	-1.137651e+00
9.040039128687777e-01	2.489280e-01	-8.887079e-03	2.575808e-01	1.000000e+00	2.575808e-01	-1.257581e+00
9.059570378687777e-01	3.656134e-01	-8.270158e-03	3.735395e-01	1.000000e+00	3.735395e-01	-1.373540e+00
9.079101628687777e-01	4.767996e-01	-7.432127e-03	4.837831e-01	1.000000e+00	4.837831e-01	-1.483783e+00
9.098632878687777e-01	5.808143e-01	-6.385782e-03	5.866536e-01	1.000000e+00	5.866536e-01	-1.586654e+00
9.118164128687777e-01	6.760930e-01	-5.147047e-03	6.806039e-01	1.000000e+00	6.806039e-01	-1.680604e+00
9.137695378687777e-01	7.612026e-01	-3.734743e-03	7.642211e-01	1.000000e+00	7.642211e-01	-1.764221e+00
9.147461003687777e-01	7.995375e-01	-2.970106e-03	8.017553e-01	1.000000e+00	8.017553e-01	-1.801755e+00
9.157226628687777e-01	8.348631e-01	-2.170300e-03	8.362478e-01	1.000000e+00	8.362478e-01	-1.836248e+00
9.166992253687777e-01	8.670465e-01	-1.338358e-03	8.675690e-01	1.000000e+00	8.675690e-01	-1.867569e+00
9.176757878687777e-01	8.959664e-01	-4.774357e-04	8.956008e-01	1.000000e+00	8.956008e-01	-1.895601e+00
9.186523503687777e-01	9.215142e-01	4.092043e-04	9.202379e-01	1.000000e+00	9.202379e-01	-1.920238e+00
9.206054753687777e-01	9.621215e-01	2.246110e-03	9.589701e-01	1.000000e+00	9.589701e-01	-1.958970e+00
9.225586003687777e-01	9.882576e-01	4.144544e-03	9.831832e-01	1.000000e+00	9.831832e-01	-1.983183e+00
9.245117253687777e-01	9.995294e-01	6.075765e-03	9.925132e-01	1.000000e+00	9.925132e-01	-1.992513e+00
9.264648503687777e-01	9.957674e-01	8.010542e-03	9.868199e-01	1.000000e+00	9.868199e-01	-1.986820e+00
9.284179753687777e-01	9.770281e-01	9.919587e-03	9.661891e-01	1.000000e+00	9.661891e-01	-1.966189e+00
9.303711003687777e-01	9.435933e-01	1.177400e-02	9.309314e-01	1.000000e+00	9.309314e-01	-1.930931e+00
9.323242253687777e-01	8.959661e-01	1.354571e-02	8.815773e-01	1.000000e+00	8.815773e-01	-1.881577e+00
9.342773503687777e-01	8.348626e-01	1.520788e-02	8.188692e-01	1.000000e+00	8.188692e-01	-1.818869e+00
9.362304753687777e-01	7.612021e-01	1.673532e-02	7.437506e-01	1.000000e+00	7.437506e-01	-1.743751e+00
9.381836003687777e-01	6.760924e-01	1.810489e-02	6.573514e-01	1.000000e+00	6.573514e-01	-1.657351e+00
9.401367253687777e-01	5.808136e-01	1.929579e-02	5.609713e-01	1.000000e+00	5.609713e-01	-1.560971e+00
9.420898503687777e-01	4.767989e-01	2.028994e-02	4.560603e-01	1.000000e+00	4.560603e-01	-1.456060e+00
9.440429753687777e-01	3.656126e-01	2.107218e-02	3.441964e-01	1.000000e+00	3.441964e-01	-1.344196e+00
9.459961003687777e-01	2.489272e-01	2.163059e-02	2.270624e-01	1.000000e+00	2.270624e-01	-1.227062e+00
9.479492253687777e-01	1.284977e-01	2.195657e-02	1.064202e-01	1.000000e+00	1.064202e-01	-1.106420e+00
9.499023503687777e-01	6.135469e-03	2.204505e-02	-1.591536e-02	1.000000e+00	-1.591536e-02	-9.840846e-01
9.518554753687777e-01	-1.163190e-01	2.189451e-02	-1.381041e-01	1.000000e+00	-1.381041e-01	-8.618959e-01
9.538086003687777e-01	-2.370240e-01	2.150704e-02	-2.583080e-01	1.000000e+00	-2.583080e-01	-7.416920e-01
9.557617253687777e-01	-3.541639e-01	2.088828e-02	-3.747189e-01	1.000000e+00	-3.747189e-01	-6.252811e-01
9.577148503687777e-01	-4.659769e-01	2.004736e-02	-4.855857e-01	1.000000e+00	-4.855857e-01	-5.144143e-01
9.596679753687777e-01	-5.707811e-01	1.899674e-02	-5.892408e-01	1.000000e+00	-5.892408e-01	-4.107592e-01
9.606445378687777e-01	-6.200575e-01	1.839756e-02	-6.378717e-01	1.000000e+00	-6.378717e-01	-3.621283e-01
9.616211003687777e-01	-6.670002e-01	1.775206e-02	-6.841247e-01	1.000000e+00	-6.841247e-01	-3.158753e-01
9.625976628687777e-01	-7.114325e-01	1.706263e-02	-7.278257e-01	1.000000e+00	-7.278257e-01	-2.721743e-01
9.635742253687777e-01	-7.531871e-01	1.633185e-02	-7.688102e-01	1.000000e+00	-7.688102e-01	-2.311898e-01
9.645507878687777e-01	-7.921068e-01	1.556245e-02	-8.069239e-01	1.000000e+00	-8.069239e-01	-1.930760e-01
9.655273503687777e-01	-8.280452e-01	1.475730e-02	-8.420234e-01	1.000000e+00	-8.420234e-01	-1.579766e-01
9.665039128687777e-01	-8.608671e-01	1.391941e-02	-8.739765e-01	1.000000e+00	-8.739765e-01	-1.260235e-01
9.674804753687777e-01	-8.904489e-01	1.305191e-02	-9.026629e-01	1.000000e+00	-9.026629e-01	-9.733704e-02
9.684570378687777e-01	-9.166792e-01	1.215804e-02	-9.279747e-01	1.000000e+00	-9.279747e-01	-7.202528e-02
9.694336003687777e-01	-9.394594e-01	1.124115e-02	-9.498165e-01	1.000000e+00	-9.498165e-01	-5.018346e-02
9.704101628687777e-01	-9.587036e-01	1.030467e-02	-9.681062e-01	1.000000e+00	-9.681062e-01	-3.189383e-02
9.713867253687777e-01	-9.743395e-01	9.352088e-03	-9.827747e-01	1.000000e+00	-9.827747e-01	-1.722523e-02
9.723632878687777e-01	-9.863082e-01	8.386980e-03	-9.937671e-01	1.000000e+00	-9.937671e-01	-6.232915e-03
9.733398503687777e-01	-9.945646e-01	7.412952e-03	-1.001042e+00	1.000000e+00	-1.001042e+00	1.041737e-03
9.743164128687777e-01	-9.990777e-01	6.433649e-03	-1.004571e+00	1.000000e+00	-1.004571e+00	4.571319e-03
9.752929753687777e-01	-9.998306e-01	5.452733e-03	-1.004343e+00	1.000000e+00	-1.004343e+00	4.342523e-03
9.762695378687777e-01	-9.968203e-01	4.473877e-03	-1.000356e+00	1.000000e+00	-1.000356e+00	3.561914e-04
9.772461003687777e-01	-9.900581e-01	3.500741e-03	-9.926273e-01	1.000000e+00	-9.926273e-01	-7.372697e-03
9.782226628687777e-01	-9.795697e-01	2.536965e-03	-9.811850e-01	1.000000e+00	-9.811850e-01	-1.881507e-02
9.791992253687777e-01	-9.653943e-01	1.586156e-03	-9.660721e-01	1.000000e+00	-9.660721e-01	-3.392789e-02
9.801757878687777e-01	-9.475855e-01	6.518697e-04	-9.473457e-01	1.000000e+00	-9.473457e-01	-5.265430e-02
9.811523503687777e-01	-9.262101e-01	-2.623987e-04	-9.250762e-01	1.000000e+00	-9.250762e-01	-7.492382e-02
9.821289128687777e-01	-9.013487e-01	-1.153231e-03	-8.993473e-01	1.000000e+00	-8.993473e-01	-1.006527e-01
9.831054753687777e-01	-8.730948e-01	-2.017295e-03	-8.702559e-01	1.000000e+00	-8.702559e-01	-1.297441e-01
9.840820378687777e-01	-8.415548e-01	-2.851361e-03	-8.379115e-01	1.000000e+00	-8.379115e-01	-1.620885e-01
9.850586003687777e-01	-8.068473e-01	-3.652312e-03	-8.024358e-01	1.000000e+00	-8.024358e-01	-1.975642e-01
9.860351628687777e-01	-7.691031e-01	-4.417154e-03	-7.639622e-01	1.000000e+00	-7.639622e-01	-2.360378e-01
9.870117253687777e-01	-7.284641e-01	-5.143032e-03	-7.226356e-01	1.000000e+00	-7.226356e-01	-2.773644e-01
9.879882878687777e-01	-6.850834e-01	-5.827235e-03	-6.786115e-01	1.000000e+00	-6.786115e-01	-3.213885e-01
9.889648503687777e-01	-6.391241e-01	-6.467209e-03	-6.320555e-01	1.000000e+00	-6.320555e-01	-3.679445e-01
9.899414128687777e-01	-5.907593e-01	-7.060568e-03	-5.831429e-01	1.000000e+00	-5.831429e-01	-4.168571e-01
9.918945378687777e-01	-4.875498e-01	-8.098776e-03	-4.789923e-01	1.000000e+00	-4.789923e-01	-5.210077e-01
9.938476628687777e-01	-3.770070e-01	-8.926418e-03	-3.677258e-01	1.000000e+00	-3.677258e-01	-6.322742e-01
9.958007878687777e-01	-2.607937e-01	-9.531218e-03	-2.510171e-01	1.000000e+00	-2.510171e-01	-7.489829e-01
9.977539128687777e-01	-1.406578e-01	-9.904252e-03	-1.306212e-01	1.000000e+00	-1.306212e-01	-8.693787e-01
9.997070378687777e-01	-1.840631e-02	-1.005056e-02	-8.346516e-03	1.000000e+00	-8.346516e-03	-9.916535e-01
1.000000000000000e+00	-2.449294e-15	-1.005480e-02	1.005480e-02	1.000000e+00	1.005480e-02	-1.010055e+00
