time	V(n002)	V(n001)	V(n003)	I(C1)	I(R1)	I(V2)	I(V1)
0.000000000000000e+00	0.000000e+00	1.000000e+00	1.000000e+00	1.000000e-12	1.000089e-12	-1.000089e-12	-1.000089e-12
9.999999717180685e-10	6.283185e-08	1.000000e+00	1.000000e+00	8.940722e-08	6.283285e-08	-6.283285e-08	-6.283285e-08
3.999999886872274e-09	2.513274e-07	1.000000e+00	1.000000e+00	1.788139e-07	2.513284e-07	-2.513284e-07	-2.513284e-07
7.999999773744548e-09	5.026548e-07	1.000000e+00	1.000000e+00	4.470348e-07	5.026558e-07	-5.026558e-07	-5.026558e-07
1.599999954748910e-08	1.005310e-06	1.000001e+00	1.000000e+00	9.983778e-07	1.005311e-06	-1.005311e-06	-1.005311e-06
4.288281386202188e-04	2.697914e-02	1.026979e+00	1.000009e+00	2.695450e-02	2.695450e-02	-2.695450e-02	-2.695450e-02
8.576402772408901e-04	5.389243e-02	1.053892e+00	1.000030e+00	5.382886e-02	5.382885e-02	-5.382885e-02	-5.382885e-02
1.286452415861561e-03	8.074088e-02	1.080741e+00	1.000061e+00	8.062406e-02	8.062405e-02	-8.062405e-02	-8.062405e-02
1.715264554482233e-03	1.075245e-01	1.107524e+00	1.000104e+00	1.073401e-01	1.073401e-01	-1.073401e-01	-1.073401e-01
2.144076693102904e-03	1.342433e-01	1.134243e+00	1.000157e+00	1.339770e-01	1.339770e-01	-1.339770e-01	-1.339770e-01
2.572888831723575e-03	1.608972e-01	1.160897e+00	1.000221e+00	1.605348e-01	1.605348e-01	-1.605348e-01	-1.605348e-01
3.001700970344245e-03	1.874863e-01	1.187486e+00	1.000296e+00	1.870134e-01	1.870134e-01	-1.870134e-01	-1.870134e-01
4.954825970344245e-03	3.063163e-01	1.306316e+00	1.000778e+00	3.052503e-01	3.052503e-01	-3.052503e-01	-3.052503e-01
6.907950970344245e-03	4.205390e-01	1.420539e+00	1.001485e+00	4.186580e-01	4.186580e-01	-4.186580e-01	-4.186580e-01
8.861075970344245e-03	5.284365e-01	1.528436e+00	1.002408e+00	5.255309e-01	5.255309e-01	-5.255309e-01	-5.255309e-01
1.081420097034425e-02	6.283857e-01	1.628386e+00	1.003532e+00	6.242622e-01	6.242622e-01	-6.242622e-01	-6.242622e-01
1.276732597034425e-02	7.188835e-01	1.718884e+00	1.004840e+00	7.133672e-01	7.133672e-01	-7.133672e-01	-7.133672e-01
1.472045097034425e-02	7.985685e-01	1.798568e+00	1.006311e+00	7.915063e-01	7.915063e-01	-7.915063e-01	-7.915063e-01
1.667357597034425e-02	8.662424e-01	1.866242e+00	1.007923e+00	8.575046e-01	8.575046e-01	-8.575046e-01	-8.575046e-01
1.862670097034425e-02	9.208872e-01	1.920887e+00	1.009651e+00	9.103698e-01	9.103698e-01	-9.103698e-01	-9.103698e-01
2.057982597034425e-02	9.616809e-01	1.961681e+00	1.011469e+00	9.493074e-01	9.493074e-01	-9.493074e-01	-9.493074e-01
2.253295097034425e-02	9.880101e-01	1.988010e+00	1.013348e+00	9.737321e-01	9.737321e-01	-9.737321e-01	-9.737321e-01
2.448607597034425e-02	9.994787e-01	1.999479e+00	1.015261e+00	9.832768e-01	9.832768e-01	-9.832768e-01	-9.832768e-01
2.643920097034425e-02	9.959142e-01	1.995914e+00	1.017178e+00	9.777988e-01	9.777988e-01	-9.777988e-01	-9.777988e-01
2.839232597034425e-02	9.773703e-01	1.977370e+00	1.019070e+00	9.573807e-01	9.573807e-01	-9.573807e-01	-9.573807e-01
3.034545097034425e-02	9.441257e-01	1.944126e+00	1.020907e+00	9.223300e-01	9.223300e-01	-9.223300e-01	-9.223300e-01
3.229857597034425e-02	8.966807e-01	1.896681e+00	1.022662e+00	8.731744e-01	8.731744e-01	-8.731744e-01	-8.731744e-01
3.425170097034425e-02	8.357487e-01	1.835749e+00	1.024308e+00	8.106539e-01	8.106539e-01	-8.106539e-01	-8.106539e-01
3.620482597034425e-02	7.622463e-01	1.762246e+00	1.025820e+00	7.357091e-01	7.357091e-01	-7.357091e-01	-7.357091e-01
3.815795097034425e-02	6.772790e-01	1.677279e+00	1.027174e+00	6.494677e-01	6.494677e-01	-6.494677e-01	-6.494677e-01
4.011107597034425e-02	5.821248e-01	1.582125e+00	1.028350e+00	5.532274e-01	5.532274e-01	-5.532274e-01	-5.532274e-01
4.206420097034425e-02	4.782149e-01	1.478215e+00	1.029329e+00	4.484361e-01	4.484361e-01	-4.484361e-01	-4.484361e-01
4.401732597034425e-02	3.671122e-01	1.367112e+00	1.030096e+00	3.366705e-01	3.366705e-01	-3.366705e-01	-3.366705e-01
4.597045097034425e-02	2.504877e-01	1.250488e+00	1.030640e+00	2.196120e-01	2.196120e-01	-2.196120e-01	-2.196120e-01
4.792357597034425e-02	1.300958e-01	1.130096e+00	1.030951e+00	9.902184e-02	9.902184e-02	-9.902184e-02	-9.902184e-02
4.890013847034425e-02	6.905135e-02	1.069051e+00	1.031018e+00	3.796797e-02	3.796797e-02	-3.796797e-02	-3.796797e-02
5.085326347034425e-02	-5.358645e-02	9.464136e-01	1.030973e+00	-8.450897e-02	-8.450897e-02	8.450897e-02	8.450897e-02
5.280638847034425e-02	-1.754182e-01	8.245817e-01	1.030689e+00	-2.059422e-01	-2.059422e-01	2.059422e-01	2.059422e-01
5.475951347034425e-02	-2.946116e-01	7.053884e-01	1.030171e+00	-3.245050e-01	-3.245050e-01	3.245050e-01	3.245050e-01
5.671263847034425e-02	-4.093737e-01	5.906263e-01	1.029425e+00	-4.384134e-01	-4.384134e-01	4.384134e-01	4.384134e-01
5.866576347034425e-02	-5.179785e-01	4.820215e-01	1.028463e+00	-5.459538e-01	-5.459538e-01	5.459538e-01	5.459538e-01
6.061888847034425e-02	-6.187924e-01	3.812076e-01	1.027298e+00	-6.455082e-01	-6.455082e-01	6.455082e-01	6.455082e-01
6.159545097034425e-02	-6.657986e-01	3.342014e-01	1.026645e+00	-6.918173e-01	-6.918173e-01	6.918173e-01	6.918173e-01
6.257201347034425e-02	-7.102990e-01	2.897010e-01	1.025948e+00	-7.355788e-01	-7.355788e-01	7.355788e-01	7.355788e-01
6.354857597034425e-02	-7.521260e-01	2.478740e-01	1.025210e+00	-7.766280e-01	-7.766280e-01	7.766280e-01	7.766280e-01
6.452513847034425e-02	-7.911221e-01	2.088779e-01	1.024433e+00	-8.148104e-01	-8.148104e-01	8.148104e-01	8.148104e-01
6.550170097034425e-02	-8.271406e-01	1.728594e-01	1.023620e+00	-8.499821e-01	-8.499821e-01	8.499821e-01	8.499821e-01
6.647826347034425e-02	-8.600460e-01	1.399540e-01	1.022774e+00	-8.820108e-01	-8.820108e-01	8.820108e-01	8.820108e-01
6.745482597034425e-02	-8.897144e-01	1.102857e-01	1.021899e+00	-9.107759e-01	-9.107759e-01	9.107759e-01	9.107759e-01
6.843138847034425e-02	-9.160340e-01	8.396599e-02	1.020997e+00	-9.361689e-01	-9.361689e-01	9.361689e-01	9.361689e-01
6.940795097034425e-02	-9.389059e-01	6.109409e-02	1.020072e+00	-9.580944e-01	-9.580944e-01	9.580944e-01	9.580944e-01
7.038451347034425e-02	-9.582440e-01	4.175600e-02	1.019127e+00	-9.764697e-01	-9.764697e-01	9.764697e-01	9.764697e-01
7.136107597034425e-02	-9.739755e-01	2.602453e-02	1.018167e+00	-9.912256e-01	-9.912256e-01	9.912256e-01	9.912256e-01
7.233763847034425e-02	-9.860411e-01	1.395889e-02	1.017193e+00	-1.002306e+00	-1.002306e+00	1.002306e+00	1.002306e+00
7.331420097034425e-02	-9.943955e-01	5.604479e-03	1.016211e+00	-1.009671e+00	-1.009671e+00	1.009671e+00	1.009671e+00
7.429076347034425e-02	-9.990072e-01	9.927504e-04	1.015223e+00	-1.013290e+00	-1.013290e+00	1.013290e+00	1.013290e+00
7.526732597034425e-02	-9.998589e-01	1.410593e-04	1.014233e+00	-1.013152e+00	-1.013152e+00	1.013152e+00	1.013152e+00
7.624388847034425e-02	-9.969474e-01	3.052612e-03	1.013246e+00	-1.009255e+00	-1.009255e+00	1.009255e+00	1.009255e+00
7.722045097034425e-02	-9.902835e-01	9.716448e-03	1.012264e+00	-1.001616e+00	-1.001616e+00	1.001616e+00	1.001616e+00
7.819701347034425e-02	-9.798925e-01	2.010749e-02	1.011292e+00	-9.902620e-01	-9.902620e-01	9.902620e-01	9.902620e-01
7.917357597034425e-02	-9.658134e-01	3.418662e-02	1.010332e+00	-9.752364e-01	-9.752364e-01	9.752364e-01	9.752364e-01
8.015013847034425e-02	-9.480991e-01	5.190086e-02	1.009389e+00	-9.565955e-01	-9.565955e-01	9.565955e-01	9.565955e-01
8.112670097034425e-02	-9.268165e-01	7.318353e-02	1.008465e+00	-9.344096e-01	-9.344096e-01	9.344096e-01	9.344096e-01
8.210326347034425e-02	-9.020455e-01	9.795453e-02	1.007565e+00	-9.087619e-01	-9.087619e-01	9.087619e-01	9.087619e-01
8.307982597034425e-02	-8.738794e-01	1.261206e-01	1.006692e+00	-8.797490e-01	-8.797490e-01	8.797490e-01	8.797490e-01
8.405638847034425e-02	-8.424242e-01	1.575758e-01	1.005849e+00	-8.474801e-01	-8.474801e-01	8.474801e-01	8.474801e-01
8.503295097034425e-02	-8.077983e-01	1.922017e-01	1.005038e+00	-8.120764e-01	-8.120764e-01	8.120764e-01	8.120764e-01
8.600951347034425e-02	-7.701321e-01	2.298679e-01	1.004264e+00	-7.736713e-01	-7.736713e-01	7.736713e-01	7.736713e-01
8.698607597034425e-02	-7.295672e-01	2.704328e-01	1.003529e+00	-7.324092e-01	-7.324092e-01	7.324092e-01	7.324092e-01
8.796263847034425e-02	-6.862565e-01	3.137435e-01	1.002835e+00	-6.884454e-01	-6.884454e-01	6.884454e-01	6.884454e-01
8.893920097034425e-02	-6.403628e-01	3.596372e-01	1.002185e+00	-6.419454e-01	-6.419454e-01	6.419454e-01	6.419454e-01
8.991576347034425e-02	-5.920589e-01	4.079411e-01	1.001582e+00	-5.930839e-01	-5.930839e-01	5.930839e-01	5.930839e-01
9.186888847034425e-02	-4.889562e-01	5.110437e-01	1.000524e+00	-4.890205e-01	-4.890205e-01	4.890205e-01	4.890205e-01
9.382201347034425e-02	-3.784992e-01	6.215008e-01	9.996771e-01	-3.778201e-01	-3.778201e-01	3.778201e-01	3.778201e-01
9.577513847034425e-02	-2.623492e-01	7.376508e-01	9.990525e-01	-2.611549e-01	-2.611549e-01	2.611549e-01	2.611549e-01
9.772826347034425e-02	-1.422532e-01	8.577468e-01	9.986597e-01	-1.407790e-01	-1.407790e-01	1.407790e-01	1.407790e-01
9.968138847034425e-02	-2.001762e-02	9.799824e-01	9.985040e-01	-1.850277e-02	-1.850277e-02	1.850277e-02	1.850277e-02
1.006579509703442e-01	4.132850e-02	1.041329e+00	9.985158e-01	4.277378e-02	4.277378e-02	-4.277378e-02	-4.277378e-02
1.026110759703442e-01	1.633238e-01	1.163324e+00	9.987184e-01	1.644517e-01	1.644517e-01	-1.644517e-01	-1.644517e-01
1.045642009703442e-01	2.828625e-01	1.282863e+00	9.991562e-01	2.834401e-01	2.834401e-01	-2.834401e-01	-2.834401e-01
1.065173259703442e-01	3.981467e-01	1.398147e+00	9.998223e-01	3.979498e-01	3.979498e-01	-3.979498e-01	-3.979498e-01
1.084704509703442e-01	5.074425e-01	1.507442e+00	1.000706e+00	5.062588e-01	5.062588e-01	-5.062588e-01	-5.062588e-01
1.104235759703442e-01	6.091058e-01	1.609106e+00	1.001794e+00	6.067384e-01	6.067384e-01	-6.067384e-01	-6.067384e-01
1.123767009703442e-01	7.016076e-01	1.701608e+00	1.003069e+00	6.978780e-01	6.978780e-01	-6.978780e-01	-6.978780e-01
1.143298259703442e-01	7.835566e-01	1.783557e+00	1.004512e+00	7.783068e-01	7.783068e-01	-7.783068e-01	-7.783068e-01
1.162829509703442e-01	8.537201e-01	1.853720e+00	1.006101e+00	8.468158e-01	8.468158e-01	-8.468158e-01	-8.468158e-01
1.182360759703442e-01	9.110429e-01	1.911043e+00	1.007811e+00	9.023749e-01	9.023749e-01	-9.023749e-01	-9.023749e-01
1.201892009703442e-01	9.546628e-01	1.954663e+00	1.009616e+00	9.441487e-01	9.441487e-01	-9.441487e-01	-9.441487e-01
1.221423259703442e-01	9.839236e-01	1.983924e+00	1.011488e+00	9.715095e-01	9.715095e-01	-9.715095e-01	-9.715095e-01
1.240954509703442e-01	9.983854e-01	1.998385e+00	1.013400e+00	9.840461e-01	9.840461e-01	-9.840461e-01	-9.840461e-01
1.260485759703442e-01	9.978305e-01	1.997830e+00	1.015321e+00	9.815702e-01	9.815702e-01	-9.815702e-01	-9.815702e-01
1.280017009703442e-01	9.822672e-01	1.982267e+00	1.017223e+00	9.641198e-01	9.641198e-01	-9.641198e-01	-9.641198e-01
1.299548259703442e-01	9.519298e-01	1.951930e+00	1.019077e+00	9.319575e-01	9.319575e-01	-9.319575e-01	-9.319575e-01
1.319079509703442e-01	9.072744e-01	1.907274e+00	1.020853e+00	8.855675e-01	8.855675e-01	-8.855675e-01	-8.855675e-01
1.338610759703442e-01	8.489729e-01	1.848973e+00	1.022526e+00	8.256481e-01	8.256481e-01	-8.256481e-01	-8.256481e-01
1.358142009703442e-01	7.779019e-01	1.777902e+00	1.024069e+00	7.531008e-01	7.531008e-01	-7.531008e-01	-7.531008e-01
1.377673259703442e-01	6.951306e-01	1.695131e+00	1.025459e+00	6.690173e-01	6.690173e-01	-6.690173e-01	-6.690173e-01
1.397204509703442e-01	6.019039e-01	1.601904e+00	1.026675e+00	5.746626e-01	5.746626e-01	-5.746626e-01	-5.746626e-01
1.416735759703442e-01	4.996240e-01	1.499624e+00	1.027698e+00	4.714563e-01	4.714563e-01	-4.714563e-01	-4.714563e-01
1.436267009703442e-01	3.898293e-01	1.389829e+00	1.028511e+00	3.609512e-01	3.609512e-01	-3.609512e-01	-3.609512e-01
1.455798259703442e-01	2.741711e-01	1.274171e+00	1.029103e+00	2.448098e-01	2.448098e-01	-2.448098e-01	-2.448098e-01
1.475329509703442e-01	1.543892e-01	1.154389e+00	1.029465e+00	1.247793e-01	1.247793e-01	-1.247793e-01	-1.247793e-01
1.494860759703442e-01	3.228519e-02	1.032285e+00	1.029589e+00	2.665543e-03	2.665543e-03	-2.665543e-03	-2.665543e-03
1.514392009703442e-01	-9.030447e-02	9.096955e-01	1.029475e+00	-1.196944e-01	-1.196944e-01	1.196944e-01	1.196944e-01
1.533923259703442e-01	-2.115359e-01	7.884641e-01	1.029123e+00	-2.404597e-01	-2.404597e-01	2.404597e-01	2.404597e-01
1.553454509703442e-01	-3.295856e-01	6.704144e-01	1.028538e+00	-3.578136e-01	-3.578136e-01	3.578136e-01	3.578136e-01
1.572985759703442e-01	-4.426780e-01	5.573220e-01	1.027729e+00	-4.699904e-01	-4.699904e-01	4.699904e-01	4.699904e-01
1.592517009703442e-01	-5.491121e-01	4.508879e-01	1.026707e+00	-5.753027e-01	-5.753027e-01	5.753027e-01	5.753027e-01
1.602282634703442e-01	-5.993275e-01	4.006725e-01	1.026121e+00	-6.248848e-01	-6.248848e-01	6.248848e-01	6.248848e-01
1.612048259703442e-01	-6.472871e-01	3.527129e-01	1.025488e+00	-6.721659e-01	-6.721659e-01	6.721659e-01	6.721659e-01
1.621813884703442e-01	-6.928105e-01	3.071895e-01	1.024810e+00	-7.169682e-01	-7.169682e-01	7.169682e-01	7.169682e-01
1.631579509703442e-01	-7.357263e-01	2.642737e-01	1.024089e+00	-7.591228e-01	-7.591228e-01	7.591228e-01	7.591228e-01
1.641345134703442e-01	-7.758730e-01	2.241270e-01	1.023328e+00	-7.984712e-01	-7.984712e-01	7.984712e-01	7.984712e-01
1.651110759703442e-01	-8.130995e-01	1.869005e-01	1.022531e+00	-8.348652e-01	-8.348652e-01	8.348652e-01	8.348652e-01
1.660876384703442e-01	-8.472657e-01	1.527344e-01	1.021699e+00	-8.681676e-01	-8.681676e-01	8.681676e-01	8.681676e-01
1.670642009703442e-01	-8.782429e-01	1.217571e-01	1.020837e+00	-8.982532e-01	-8.982532e-01	8.982532e-01	8.982532e-01
1.680407634703442e-01	-9.059146e-01	9.408540e-02	1.019946e+00	-9.250087e-01	-9.250087e-01	9.250087e-01	9.250087e-01
1.690173259703442e-01	-9.301767e-01	6.982332e-02	1.019032e+00	-9.483331e-01	-9.483331e-01	9.483331e-01	9.483331e-01
1.699938884703442e-01	-9.509378e-01	4.906221e-02	1.018096e+00	-9.681389e-01	-9.681389e-01	9.681389e-01	9.681389e-01
1.709704509703442e-01	-9.681197e-01	3.188023e-02	1.017143e+00	-9.843514e-01	-9.843514e-01	9.843514e-01	9.843514e-01
1.719470134703442e-01	-9.816580e-01	1.834203e-02	1.016175e+00	-9.969094e-01	-9.969094e-01	9.969094e-01	9.969094e-01
1.729235759703442e-01	-9.915015e-01	8.498567e-03	1.015197e+00	-1.005766e+00	-1.005766e+00	1.005766e+00	1.005766e+00
1.739001384703442e-01	-9.976131e-01	2.386893e-03	1.014213e+00	-1.010887e+00	-1.010887e+00	1.010887e+00	1.010887e+00
1.748767009703442e-01	-9.999700e-01	3.000868e-05	1.013225e+00	-1.012254e+00	-1.012254e+00	1.012254e+00	1.012254e+00
1.758532634703442e-01	-9.985632e-01	1.436786e-03	1.012237e+00	-1.009861e+00	-1.009861e+00	1.009861e+00	1.009861e+00
1.768298259703442e-01	-9.933981e-01	6.601929e-03	1.011254e+00	-1.003718e+00	-1.003718e+00	1.003718e+00	1.003718e+00
1.778063884703442e-01	-9.844940e-01	1.550600e-02	1.010279e+00	-9.938465e-01	-9.938465e-01	9.938465e-01	9.938465e-01
1.787829509703442e-01	-9.718845e-01	2.811548e-02	1.009315e+00	-9.802849e-01	-9.802849e-01	9.802849e-01	9.802849e-01
1.797595134703442e-01	-9.556171e-01	4.438292e-02	1.008366e+00	-9.630839e-01	-9.630839e-01	9.630839e-01	9.630839e-01
1.807360759703442e-01	-9.357529e-01	6.424708e-02	1.007436e+00	-9.423080e-01	-9.423080e-01	9.423080e-01	9.423080e-01
1.817126384703442e-01	-9.123668e-01	8.763321e-02	1.006527e+00	-9.180355e-01	-9.180355e-01	9.180355e-01	9.180355e-01
1.826892009703442e-01	-8.855467e-01	1.144533e-01	1.005644e+00	-8.903577e-01	-8.903577e-01	8.903577e-01	8.903577e-01
1.836657634703442e-01	-8.553936e-01	1.446063e-01	1.004790e+00	-8.593786e-01	-8.593786e-01	8.593786e-01	8.593786e-01
1.846423259703442e-01	-8.220211e-01	1.779789e-01	1.003967e+00	-8.252149e-01	-8.252149e-01	8.252149e-01	8.252149e-01
1.856188884703442e-01	-7.855546e-01	2.144454e-01	1.003180e+00	-7.879950e-01	-7.879950e-01	7.879950e-01	7.879950e-01
1.865954509703442e-01	-7.461315e-01	2.538685e-01	1.002430e+00	-7.478591e-01	-7.478591e-01	7.478591e-01	7.478591e-01
1.875720134703442e-01	-7.039001e-01	2.960999e-01	1.001720e+00	-7.049580e-01	-7.049580e-01	7.049580e-01	7.049580e-01
1.885485759703442e-01	-6.590194e-01	3.409806e-01	1.001054e+00	-6.594533e-01	-6.594533e-01	6.594533e-01	6.594533e-01
1.895251384703442e-01	-6.116582e-01	3.883418e-01	1.000433e+00	-6.115162e-01	-6.115162e-01	6.115162e-01	6.115162e-01
1.914782634703442e-01	-5.102165e-01	4.897835e-01	9.993382e-01	-5.090746e-01	-5.090746e-01	5.090746e-01	5.090746e-01
1.934313884703442e-01	-4.011006e-01	5.988994e-01	9.984504e-01	-3.991736e-01	-3.991736e-01	3.991736e-01	3.991736e-01
1.953845134703442e-01	-2.859518e-01	7.140482e-01	9.977831e-01	-2.834659e-01	-2.834659e-01	2.834659e-01	2.834659e-01
1.973376384703442e-01	-1.665020e-01	8.334979e-01	9.973460e-01	-1.636914e-01	-1.636914e-01	1.636914e-01	1.636914e-01
1.992907634703442e-01	-4.454790e-02	9.554521e-01	9.971454e-01	-4.165136e-02	-4.165136e-02	4.165136e-02	4.165136e-02
2.002673259703442e-01	1.679580e-02	1.016796e+00	9.971346e-01	1.964536e-02	1.964536e-02	-1.964536e-02	-1.964536e-02
2.022204509703442e-01	1.390629e-01	1.139063e+00	9.972923e-01	1.416397e-01	1.416397e-01	-1.416397e-01	-1.416397e-01
2.041735759703442e-01	2.592384e-01	1.259238e+00	9.976862e-01	2.613082e-01	2.613082e-01	-2.613082e-01	-2.613082e-01
2.061267009703442e-01	3.755146e-01	1.375515e+00	9.983100e-01	3.768513e-01	3.768513e-01	-3.768513e-01	-3.768513e-01
2.080798259703442e-01	4.861428e-01	1.486143e+00	9.991540e-01	4.865314e-01	4.865314e-01	-4.865314e-01	-4.865314e-01
2.100329509703442e-01	5.894589e-01	1.589459e+00	1.000205e+00	5.886993e-01	5.886993e-01	-5.886993e-01	-5.886993e-01
2.119860759703442e-01	6.839091e-01	1.683909e+00	1.001447e+00	6.818186e-01	6.818186e-01	-6.818186e-01	-6.818186e-01
2.139392009703442e-01	7.680726e-01	1.768073e+00	1.002861e+00	7.644891e-01	7.644891e-01	-7.644891e-01	-7.644891e-01
2.158923259703442e-01	8.406836e-01	1.840684e+00	1.004425e+00	8.354679e-01	8.354679e-01	-8.354679e-01	-8.354679e-01
2.178454509703442e-01	9.006499e-01	1.900650e+00	1.006115e+00	8.936875e-01	8.936875e-01	-8.936875e-01	-8.936875e-01
2.197985759703442e-01	9.470696e-01	1.947070e+00	1.007906e+00	9.382728e-01	9.382728e-01	-9.382728e-01	-9.382728e-01
2.217517009703442e-01	9.792445e-01	1.979244e+00	1.009770e+00	9.685535e-01	9.685535e-01	-9.685535e-01	-9.685535e-01
2.237048259703442e-01	9.966906e-01	1.996691e+00	1.011678e+00	9.840745e-01	9.840745e-01	-9.840745e-01	-9.840745e-01
2.256579509703442e-01	9.991456e-01	1.999146e+00	1.013603e+00	9.846028e-01	9.846028e-01	-9.846028e-01	-9.846028e-01
2.276110759703442e-01	9.865725e-01	1.986573e+00	1.015513e+00	9.701308e-01	9.701308e-01	-9.701308e-01	-9.701308e-01
2.295642009703442e-01	9.591604e-01	1.959160e+00	1.017381e+00	9.408765e-01	9.408765e-01	-9.408765e-01	-9.408765e-01
2.315173259703442e-01	9.173217e-01	1.917322e+00	1.019178e+00	8.972805e-01	8.972805e-01	-8.972805e-01	-8.972805e-01
2.334704509703442e-01	8.616856e-01	1.861686e+00	1.020876e+00	8.399985e-01	8.399985e-01	-8.399985e-01	-8.399985e-01
2.354235759703442e-01	7.930890e-01	1.793089e+00	1.022450e+00	7.698927e-01	7.698927e-01	-7.698927e-01	-7.698927e-01
2.373767009703442e-01	7.125635e-01	1.712564e+00	1.023875e+00	6.880179e-01	6.880179e-01	-6.880179e-01	-6.880179e-01
2.393298259703442e-01	6.213205e-01	1.621320e+00	1.025130e+00	5.956060e-01	5.956060e-01	-5.956060e-01	-5.956060e-01
2.412829509703442e-01	5.207322e-01	1.520732e+00	1.026195e+00	4.940472e-01	4.940472e-01	-4.940472e-01	-4.940472e-01
2.432360759703442e-01	4.123116e-01	1.412312e+00	1.027054e+00	3.848695e-01	3.848695e-01	-3.848695e-01	-3.848695e-01
2.451892009703442e-01	2.976894e-01	1.297689e+00	1.027694e+00	2.697153e-01	2.697153e-01	-2.697153e-01	-2.697153e-01
2.471423259703442e-01	1.785897e-01	1.178590e+00	1.028105e+00	1.503171e-01	1.503171e-01	-1.503171e-01	-1.503171e-01
2.490954509703442e-01	5.680390e-02	1.056804e+00	1.028279e+00	2.847104e-02	2.847104e-02	-2.847104e-02	-2.847104e-02
2.510485759703442e-01	-6.583632e-02	9.341637e-01	1.028215e+00	-9.398976e-02	-9.398976e-02	9.398976e-02	9.398976e-02
2.530017009703442e-01	-1.874863e-01	8.125137e-01	1.027913e+00	-2.152230e-01	-2.152230e-01	2.152230e-01	2.152230e-01
2.549548259703442e-01	-3.063163e-01	6.936837e-01	1.027377e+00	-3.334050e-01	-3.334050e-01	3.334050e-01	3.334050e-01
2.569079509703442e-01	-4.205390e-01	5.794610e-01	1.026614e+00	-4.467576e-01	-4.467576e-01	4.467576e-01	4.467576e-01
2.588610759703442e-01	-5.284365e-01	4.715635e-01	1.025637e+00	-5.535758e-01	-5.535758e-01	5.535758e-01	5.535758e-01
2.598376384703442e-01	-5.795016e-01	4.204984e-01	1.025071e+00	-6.040277e-01	-6.040277e-01	6.040277e-01	6.040277e-01
2.608142009703442e-01	-6.283857e-01	3.716143e-01	1.024458e+00	-6.522523e-01	-6.522523e-01	6.522523e-01	6.522523e-01
2.617907634703442e-01	-6.749047e-01	3.250953e-01	1.023799e+00	-6.980682e-01	-6.980682e-01	6.980682e-01	6.980682e-01
2.627673259703442e-01	-7.188835e-01	2.811165e-01	1.023096e+00	-7.413028e-01	-7.413028e-01	7.413028e-01	7.413028e-01
2.637438884703442e-01	-7.601565e-01	2.398435e-01	1.022352e+00	-7.817933e-01	-7.817933e-01	7.817933e-01	7.817933e-01
2.647204509703442e-01	-7.985685e-01	2.014315e-01	1.021570e+00	-8.193873e-01	-8.193873e-01	8.193873e-01	8.193873e-01
2.656970134703442e-01	-8.339749e-01	1.660251e-01	1.020753e+00	-8.539433e-01	-8.539433e-01	8.539433e-01	8.539433e-01
2.666735759703442e-01	-8.662424e-01	1.337576e-01	1.019904e+00	-8.853312e-01	-8.853312e-01	8.853312e-01	8.853312e-01
2.676501384703442e-01	-8.952495e-01	1.047505e-01	1.019026e+00	-9.134328e-01	-9.134328e-01	9.134328e-01	9.134328e-01
2.686267009703442e-01	-9.208872e-01	7.911285e-02	1.018121e+00	-9.381422e-01	-9.381422e-01	9.381422e-01	9.381422e-01
2.696032634703442e-01	-9.430588e-01	5.694124e-02	1.017195e+00	-9.593664e-01	-9.593664e-01	9.593664e-01	9.593664e-01
2.705798259703442e-01	-9.616809e-01	3.831909e-02	1.016249e+00	-9.770255e-01	-9.770255e-01	9.770255e-01	9.770255e-01
2.715563884703442e-01	-9.766835e-01	2.331649e-02	1.015288e+00	-9.910530e-01	-9.910530e-01	9.910530e-01	9.910530e-01
2.725329509703442e-01	-9.880101e-01	1.198990e-02	1.014316e+00	-1.001396e+00	-1.001396e+00	1.001396e+00	1.001396e+00
2.735095134703442e-01	-9.956180e-01	4.381960e-03	1.013335e+00	-1.008016e+00	-1.008016e+00	1.008016e+00	1.008016e+00
2.744860759703442e-01	-9.994787e-01	5.213026e-04	1.012349e+00	-1.010887e+00	-1.010887e+00	1.010887e+00	1.010887e+00
2.754626384703442e-01	-9.995775e-01	4.224571e-04	1.011362e+00	-1.009999e+00	-1.009999e+00	1.009999e+00	1.009999e+00
2.764392009703442e-01	-9.959142e-01	4.085796e-03	1.010378e+00	-1.005355e+00	-1.005355e+00	1.005355e+00	1.005355e+00
2.774157634703442e-01	-9.885024e-01	1.149753e-02	1.009400e+00	-9.969725e-01	-9.969725e-01	9.969725e-01	9.969725e-01
2.783923259703442e-01	-9.773703e-01	2.262977e-02	1.008432e+00	-9.848831e-01	-9.848831e-01	9.848831e-01	9.848831e-01
2.793688884703442e-01	-9.625594e-01	3.744060e-02	1.007478e+00	-9.691321e-01	-9.691321e-01	9.691321e-01	9.691321e-01
2.803454509703442e-01	-9.441257e-01	5.587430e-02	1.006541e+00	-9.497787e-01	-9.497787e-01	9.497787e-01	9.497787e-01
2.813220134703442e-01	-9.221385e-01	7.786147e-02	1.005625e+00	-9.268959e-01	-9.268959e-01	9.268959e-01	9.268959e-01
2.822985759703442e-01	-8.966807e-01	1.033194e-01	1.004733e+00	-9.005697e-01	-9.005697e-01	9.005697e-01	9.005697e-01
2.832751384703442e-01	-8.678479e-01	1.321521e-01	1.003868e+00	-8.708990e-01	-8.708990e-01	8.708990e-01	8.708990e-01
2.842517009703442e-01	-8.357487e-01	1.642513e-01	1.003033e+00	-8.379956e-01	-8.379956e-01	8.379956e-01	8.379956e-01
2.852282634703442e-01	-8.005039e-01	1.994961e-01	1.002233e+00	-8.019833e-01	-8.019833e-01	8.019833e-01	8.019833e-01
2.862048259703442e-01	-7.622463e-01	2.377537e-01	1.001468e+00	-7.629974e-01	-7.629974e-01	7.629974e-01	7.629974e-01
2.871813884703442e-01	-7.211197e-01	2.788803e-01	1.000744e+00	-7.211848e-01	-7.211848e-01	7.211848e-01	7.211848e-01
2.881579509703442e-01	-6.772790e-01	3.227210e-01	1.000061e+00	-6.767029e-01	-6.767029e-01	6.767029e-01	6.767029e-01
2.891345134703442e-01	-6.308891e-01	3.691109e-01	9.994233e-01	-6.297188e-01	-6.297188e-01	6.297188e-01	6.297188e-01
2.901110759703442e-01	-5.821248e-01	4.178752e-01	9.988323e-01	-5.804094e-01	-5.804094e-01	5.804094e-01	5.804094e-01
2.920642009703442e-01	-4.782149e-01	5.217851e-01	9.978002e-01	-4.755651e-01	-4.755651e-01	4.755651e-01	4.755651e-01
2.940173259703442e-01	-3.671122e-01	6.328878e-01	9.969798e-01	-3.637465e-01	-3.637465e-01	3.637465e-01	3.637465e-01
2.959704509703442e-01	-2.504877e-01	7.495123e-01	9.963832e-01	-2.466352e-01	-2.466352e-01	2.466352e-01	2.466352e-01
2.979235759703442e-01	-1.300958e-01	8.699042e-01	9.960190e-01	-1.259923e-01	-1.259923e-01	1.259923e-01	1.259923e-01
2.998767009703442e-01	-7.747029e-03	9.922529e-01	9.958923e-01	-3.632022e-03	-3.632022e-03	3.632022e-03	3.632022e-03
3.018298259703442e-01	1.147182e-01	1.114718e+00	9.960047e-01	1.186056e-01	1.186056e-01	-1.186056e-01	-1.186056e-01
3.037829509703442e-01	2.354580e-01	1.235458e+00	9.963542e-01	2.388823e-01	2.388823e-01	-2.388823e-01	-2.388823e-01
3.057360759703442e-01	3.526563e-01	1.352656e+00	9.969351e-01	3.553894e-01	3.553894e-01	-3.553894e-01	-3.553894e-01
3.076892009703442e-01	4.645503e-01	1.464550e+00	9.977384e-01	4.663749e-01	4.663749e-01	-4.663749e-01	-4.663749e-01
3.096423259703442e-01	5.694571e-01	1.569457e+00	9.987516e-01	5.701696e-01	5.701696e-01	-5.701696e-01	-5.701696e-01
3.115954509703442e-01	6.657986e-01	1.665799e+00	9.999592e-01	6.652130e-01	6.652130e-01	-6.652130e-01	-6.652130e-01
3.135485759703442e-01	7.521260e-01	1.752126e+00	1.001343e+00	7.500756e-01	7.500756e-01	-7.500756e-01	-7.500756e-01
3.155017009703442e-01	8.271406e-01	1.827141e+00	1.002881e+00	8.234816e-01	8.234816e-01	-8.234816e-01	-8.234816e-01
3.174548259703442e-01	8.897144e-01	1.889714e+00	1.004550e+00	8.843271e-01	8.843271e-01	-8.843271e-01	-8.843271e-01
3.194079509703442e-01	9.389059e-01	1.938906e+00	1.006325e+00	9.316972e-01	9.316972e-01	-9.316972e-01	-9.316972e-01
3.213610759703442e-01	9.739755e-01	1.973975e+00	1.008179e+00	9.648798e-01	9.648798e-01	-9.648798e-01	-9.648798e-01
3.233142009703442e-01	9.943955e-01	1.994395e+00	1.010084e+00	9.833763e-01	9.833763e-01	-9.833763e-01	-9.833763e-01
3.252673259703442e-01	9.998589e-01	1.999859e+00	1.012010e+00	9.869086e-01	9.869086e-01	-9.869086e-01	-9.869086e-01
3.272204509703442e-01	9.902835e-01	1.990284e+00	1.013928e+00	9.754241e-01	9.754241e-01	-9.754241e-01	-9.754241e-01
3.291735759703442e-01	9.658134e-01	1.965813e+00	1.015809e+00	9.490957e-01	9.490957e-01	-9.490957e-01	-9.490957e-01
3.311267009703442e-01	9.268165e-01	1.926816e+00	1.017624e+00	9.083199e-01	9.083199e-01	-9.083199e-01	-9.083199e-01
3.330798259703442e-01	8.738794e-01	1.873879e+00	1.019347e+00	8.537102e-01	8.537102e-01	-8.537102e-01	-8.537102e-01
3.350329509703442e-01	8.077983e-01	1.807798e+00	1.020950e+00	7.860885e-01	7.860885e-01	-7.860885e-01	-7.860885e-01
3.369860759703442e-01	7.295672e-01	1.729567e+00	1.022409e+00	7.064720e-01	7.064720e-01	-7.064720e-01	-7.064720e-01
3.389392009703442e-01	6.403628e-01	1.640363e+00	1.023701e+00	6.160587e-01	6.160587e-01	-6.160587e-01	-6.160587e-01
3.408923259703442e-01	5.415267e-01	1.541527e+00	1.024808e+00	5.162088e-01	5.162088e-01	-5.162088e-01	-5.162088e-01
3.428454509703442e-01	4.345455e-01	1.434546e+00	1.025712e+00	4.084245e-01	4.084245e-01	-4.084245e-01	-4.084245e-01
3.447985759703442e-01	3.210284e-01	1.321028e+00	1.026399e+00	2.943272e-01	2.943272e-01	-2.943272e-01	-2.943272e-01
3.467517009703442e-01	2.026826e-01	1.202683e+00	1.026859e+00	1.756334e-01	1.756334e-01	-1.756334e-01	-1.756334e-01
3.487048259703442e-01	8.128840e-02	1.081288e+00	1.027083e+00	5.412880e-02	5.412880e-02	-5.412880e-02	-5.412880e-02
3.506579509703442e-01	-4.132850e-02	9.586715e-01	1.027069e+00	-6.835884e-02	-6.835884e-02	6.835884e-02	6.835884e-02
3.526110759703442e-01	-1.633238e-01	8.366762e-01	1.026817e+00	-1.899868e-01	-1.899868e-01	1.899868e-01	1.899868e-01
3.545642009703442e-01	-2.828625e-01	7.171375e-01	1.026329e+00	-3.089254e-01	-3.089254e-01	3.089254e-01	3.089254e-01
3.565173259703442e-01	-3.981467e-01	6.018533e-01	1.025613e+00	-4.233854e-01	-4.233854e-01	4.233854e-01	4.233854e-01
3.584704509703442e-01	-5.074425e-01	4.925575e-01	1.024680e+00	-5.316448e-01	-5.316448e-01	5.316448e-01	5.316448e-01
3.604235759703442e-01	-6.091058e-01	3.908942e-01	1.023542e+00	-6.320749e-01	-6.320749e-01	6.320749e-01	6.320749e-01
3.614001384703442e-01	-6.565923e-01	3.434077e-01	1.022902e+00	-6.788766e-01	-6.788766e-01	6.788766e-01	6.788766e-01
3.623767009703442e-01	-7.016076e-01	2.983924e-01	1.022218e+00	-7.231650e-01	-7.231650e-01	7.231650e-01	7.231650e-01
3.633532634703442e-01	-7.439821e-01	2.560178e-01	1.021491e+00	-7.647731e-01	-7.647731e-01	7.647731e-01	7.647731e-01
3.643298259703442e-01	-7.835566e-01	2.164434e-01	1.020725e+00	-8.035445e-01	-8.035445e-01	8.035445e-01	8.035445e-01
3.653063884703442e-01	-8.201818e-01	1.798182e-01	1.019923e+00	-8.393331e-01	-8.393331e-01	8.393331e-01	8.393331e-01
3.662829509703442e-01	-8.537201e-01	1.462799e-01	1.019087e+00	-8.720043e-01	-8.720043e-01	8.720043e-01	8.720043e-01
3.672595134703442e-01	-8.840452e-01	1.159548e-01	1.018221e+00	-9.014348e-01	-9.014348e-01	9.014348e-01	9.014348e-01
3.682360759703442e-01	-9.110429e-01	8.895709e-02	1.017329e+00	-9.275141e-01	-9.275141e-01	9.275141e-01	9.275141e-01
3.692126384703442e-01	-9.346117e-01	6.538833e-02	1.016412e+00	-9.501439e-01	-9.501439e-01	9.501439e-01	9.501439e-01
3.701892009703442e-01	-9.546628e-01	4.533723e-02	1.015474e+00	-9.692389e-01	-9.692389e-01	9.692389e-01	9.692389e-01
3.711657634703442e-01	-9.711207e-01	2.887926e-02	1.014520e+00	-9.847273e-01	-9.847273e-01	9.847273e-01	9.847273e-01
3.721423259703442e-01	-9.839236e-01	1.607637e-02	1.013553e+00	-9.965507e-01	-9.965507e-01	9.965507e-01	9.965507e-01
3.731188884703442e-01	-9.930233e-01	6.976751e-03	1.012576e+00	-1.004665e+00	-1.004665e+00	1.004665e+00	1.004665e+00
3.740954509703442e-01	-9.983854e-01	1.614645e-03	1.011593e+00	-1.009038e+00	-1.009038e+00	1.009038e+00	1.009038e+00
3.750720134703442e-01	-9.999897e-01	1.023662e-05	1.010607e+00	-1.009656e+00	-1.009656e+00	1.009656e+00	1.009656e+00
3.760485759703442e-01	-9.978305e-01	2.169564e-03	1.009622e+00	-1.006514e+00	-1.006514e+00	1.006514e+00	1.006514e+00
3.770251384703442e-01	-9.919155e-01	8.084499e-03	1.008643e+00	-9.996250e-01	-9.996250e-01	9.996250e-01	9.996250e-01
3.780017009703442e-01	-9.822672e-01	1.773278e-02	1.007672e+00	-9.890147e-01	-9.890147e-01	9.890147e-01	9.890147e-01
3.789782634703442e-01	-9.689219e-01	3.107809e-02	1.006713e+00	-9.747231e-01	-9.747231e-01	9.747231e-01	9.747231e-01
3.799548259703442e-01	-9.519298e-01	4.807021e-02	1.005770e+00	-9.568039e-01	-9.568039e-01	9.568039e-01	9.568039e-01
3.809313884703442e-01	-9.313548e-01	6.864518e-02	1.004846e+00	-9.353244e-01	-9.353244e-01	9.353244e-01	9.353244e-01
3.819079509703442e-01	-9.072744e-01	9.272555e-02	1.003945e+00	-9.103655e-01	-9.103655e-01	9.103655e-01	9.103655e-01
3.828845134703442e-01	-8.797793e-01	1.202207e-01	1.003070e+00	-8.820210e-01	-8.820210e-01	8.820210e-01	8.820210e-01
3.838610759703442e-01	-8.489729e-01	1.510271e-01	1.002224e+00	-8.503976e-01	-8.503976e-01	8.503976e-01	8.503976e-01
3.848376384703442e-01	-8.149711e-01	1.850289e-01	1.001410e+00	-8.156143e-01	-8.156143e-01	8.156143e-01	8.156143e-01
3.858142009703442e-01	-7.779019e-01	2.220981e-01	1.000632e+00	-7.778021e-01	-7.778021e-01	7.778021e-01	7.778021e-01
3.867907634703442e-01	-7.379049e-01	2.620951e-01	9.998924e-01	-7.371030e-01	-7.371030e-01	7.371030e-01	7.371030e-01
3.877673259703442e-01	-6.951306e-01	3.048694e-01	9.991938e-01	-6.936703e-01	-6.936703e-01	6.936703e-01	6.936703e-01
3.887438884703442e-01	-6.497400e-01	3.502600e-01	9.985389e-01	-6.476674e-01	-6.476674e-01	6.476674e-01	6.476674e-01
3.897204509703442e-01	-6.019039e-01	3.980961e-01	9.979300e-01	-5.992675e-01	-5.992675e-01	5.992675e-01	5.992675e-01
3.916735759703442e-01	-4.996240e-01	5.003760e-01	9.968594e-01	-4.960133e-01	-4.960133e-01	4.960133e-01	4.960133e-01
3.936267009703442e-01	-3.898293e-01	6.101707e-01	9.959978e-01	-3.854602e-01	-3.854602e-01	3.854602e-01	3.854602e-01
3.955798259703442e-01	-2.741711e-01	7.258288e-01	9.953578e-01	-2.692710e-01	-2.692710e-01	2.692710e-01	2.692710e-01
3.975329509703442e-01	-1.543892e-01	8.456107e-01	9.949488e-01	-1.491928e-01	-1.491928e-01	1.491928e-01	1.491928e-01
3.994860759703442e-01	-3.228519e-02	9.677148e-01	9.947765e-01	-2.703134e-02	-2.703134e-02	2.703134e-02	2.703134e-02
4.014392009703442e-01	9.030447e-02	1.090304e+00	9.948434e-01	9.537614e-02	9.537614e-02	-9.537614e-02	-9.537614e-02
4.033923259703442e-01	2.115359e-01	1.211536e+00	9.951479e-01	2.161889e-01	2.161889e-01	-2.161889e-01	-2.161889e-01
4.053454509703442e-01	3.295856e-01	1.329586e+00	9.956853e-01	3.335901e-01	3.335901e-01	-3.335901e-01	-3.335901e-01
4.072985759703442e-01	4.426780e-01	1.442678e+00	9.964472e-01	4.458143e-01	4.458143e-01	-4.458143e-01	-4.458143e-01
4.092517009703442e-01	5.491121e-01	1.549112e+00	9.974218e-01	5.511737e-01	5.511737e-01	-5.511737e-01	-5.511737e-01
4.112048259703442e-01	6.472871e-01	1.647287e+00	9.985940e-01	6.480840e-01	6.480840e-01	-6.480840e-01	-6.480840e-01
4.131579509703442e-01	7.357263e-01	1.735726e+00	9.999461e-01	7.350879e-01	7.350879e-01	-7.350879e-01	-7.350879e-01
4.151110759703442e-01	8.130995e-01	1.813100e+00	1.001457e+00	8.108771e-01	8.108771e-01	-8.108771e-01	-8.108771e-01
4.170642009703442e-01	8.782429e-01	1.878243e+00	1.003104e+00	8.743120e-01	8.743120e-01	-8.743120e-01	-8.743120e-01
4.190173259703442e-01	9.301767e-01	1.930177e+00	1.004863e+00	9.244386e-01	9.244386e-01	-9.244386e-01	-9.244386e-01
4.209704509703442e-01	9.681197e-01	1.968120e+00	1.006705e+00	9.605035e-01	9.605035e-01	-9.605035e-01	-9.605035e-01
4.229235759703442e-01	9.915015e-01	1.991501e+00	1.008604e+00	9.819644e-01	9.819644e-01	-9.819644e-01	-9.819644e-01
4.248767009703442e-01	9.999700e-01	1.999970e+00	1.010530e+00	9.884989e-01	9.884989e-01	-9.884989e-01	-9.884989e-01
4.268298259703442e-01	9.933981e-01	1.993398e+00	1.012454e+00	9.800090e-01	9.800090e-01	-9.800090e-01	-9.800090e-01
4.287829509703442e-01	9.718845e-01	1.971884e+00	1.014347e+00	9.566226e-01	9.566226e-01	-9.566226e-01	-9.566226e-01
4.307360759703442e-01	9.357529e-01	1.935753e+00	1.016181e+00	9.186919e-01	9.186919e-01	-9.186919e-01	-9.186919e-01
4.326892009703442e-01	8.855467e-01	1.885547e+00	1.017926e+00	8.667877e-01	8.667877e-01	-8.667877e-01	-8.667877e-01
4.346423259703442e-01	8.220211e-01	1.822021e+00	1.019557e+00	8.016908e-01	8.016908e-01	-8.016908e-01	-8.016908e-01
4.365954509703442e-01	7.461315e-01	1.746131e+00	1.021049e+00	7.243809e-01	7.243809e-01	-7.243809e-01	-7.243809e-01
4.385485759703442e-01	6.590194e-01	1.659019e+00	1.022378e+00	6.360210e-01	6.360210e-01	-6.360210e-01	-6.360210e-01
4.405017009703442e-01	5.619950e-01	1.561995e+00	1.023526e+00	5.379403e-01	5.379403e-01	-5.379403e-01	-5.379403e-01
4.424548259703442e-01	4.565177e-01	1.456518e+00	1.024474e+00	4.316145e-01	4.316145e-01	-4.316145e-01	-4.316145e-01
4.444079509703442e-01	3.441739e-01	1.344174e+00	1.025207e+00	3.186431e-01	3.186431e-01	-3.186431e-01	-3.186431e-01
4.463610759703442e-01	2.266535e-01	1.226653e+00	1.025715e+00	2.007256e-01	2.007256e-01	-2.007256e-01	-2.007256e-01
4.483142009703442e-01	1.057239e-01	1.105724e+00	1.025989e+00	7.963573e-02	7.963573e-02	-7.963573e-02	-7.963573e-02
4.492907634703442e-01	4.454790e-02	1.044548e+00	1.026037e+00	1.846936e-02	1.846936e-02	-1.846936e-02	-1.846936e-02
4.512438884703442e-01	-7.807627e-02	9.219237e-01	1.025953e+00	-1.039559e-01	-1.039559e-01	1.039559e-01	1.039559e-01
4.531970134703442e-01	-1.995261e-01	8.004739e-01	1.025632e+00	-2.249699e-01	-2.249699e-01	2.249699e-01	2.249699e-01
4.551501384703442e-01	-3.179749e-01	6.820251e-01	1.025077e+00	-3.427523e-01	-3.427523e-01	3.427523e-01	3.427523e-01
4.571032634703442e-01	-4.316410e-01	5.683590e-01	1.024296e+00	-4.555312e-01	-4.555312e-01	4.555312e-01	4.555312e-01
4.590563884703442e-01	-5.388149e-01	4.611851e-01	1.023302e+00	-5.616100e-01	-5.616100e-01	5.616100e-01	5.616100e-01
4.600329509703442e-01	-5.894589e-01	4.105411e-01	1.022729e+00	-6.116336e-01	-6.116336e-01	6.116336e-01	6.116336e-01
4.610095134703442e-01	-6.378844e-01	3.621156e-01	1.022109e+00	-6.593929e-01	-6.593929e-01	6.593929e-01	6.593929e-01
4.619860759703442e-01	-6.839091e-01	3.160909e-01	1.021443e+00	-7.047082e-01	-7.047082e-01	7.047082e-01	7.047082e-01
4.629626384703442e-01	-7.273597e-01	2.726403e-01	1.020734e+00	-7.474087e-01	-7.474087e-01	7.474087e-01	7.474087e-01
4.639392009703442e-01	-7.680726e-01	2.319274e-01	1.019984e+00	-7.873340e-01	-7.873340e-01	7.873340e-01	7.873340e-01
4.649157634703442e-01	-8.058947e-01	1.941053e-01	1.019197e+00	-8.243335e-01	-8.243335e-01	8.243335e-01	8.243335e-01
4.658923259703442e-01	-8.406836e-01	1.593164e-01	1.018376e+00	-8.582681e-01	-8.582681e-01	8.582681e-01	8.582681e-01
4.668688884703442e-01	-8.723083e-01	1.276917e-01	1.017522e+00	-8.890100e-01	-8.890100e-01	8.890100e-01	8.890100e-01
4.678454509703442e-01	-9.006499e-01	9.935012e-02	1.016641e+00	-9.164433e-01	-9.164433e-01	9.164433e-01	9.164433e-01
4.688220134703442e-01	-9.256016e-01	7.439839e-02	1.015734e+00	-9.404649e-01	-9.404649e-01	9.404649e-01	9.404649e-01
4.697985759703442e-01	-9.470696e-01	5.293041e-02	1.014806e+00	-9.609842e-01	-9.609842e-01	9.609842e-01	9.609842e-01
4.707751384703442e-01	-9.649730e-01	3.502700e-02	1.013859e+00	-9.779240e-01	-9.779240e-01	9.779240e-01	9.779240e-01
4.717517009703442e-01	-9.792445e-01	2.075552e-02	1.012897e+00	-9.912206e-01	-9.912206e-01	9.912206e-01	9.912206e-01
4.727282634703442e-01	-9.898303e-01	1.016970e-02	1.011925e+00	-1.000824e+00	-1.000824e+00	1.000824e+00	1.000824e+00
4.737048259703442e-01	-9.966906e-01	3.309377e-03	1.010945e+00	-1.006697e+00	-1.006697e+00	1.006697e+00	1.006697e+00
4.746813884703442e-01	-9.997996e-01	2.003725e-04	1.009960e+00	-1.008819e+00	-1.008819e+00	1.008819e+00	1.008819e+00
4.756579509703442e-01	-9.991456e-01	8.543876e-04	1.008976e+00	-1.007182e+00	-1.007182e+00	1.007182e+00	1.007182e+00
4.766345134703442e-01	-9.947310e-01	5.268961e-03	1.007995e+00	-1.001790e+00	-1.001790e+00	1.001790e+00	1.001790e+00
4.776110759703442e-01	-9.865725e-01	1.342748e-02	1.007021e+00	-9.926655e-01	-9.926655e-01	9.926655e-01	9.926655e-01
4.785876384703442e-01	-9.747007e-01	2.529923e-02	1.006058e+00	-9.798418e-01	-9.798418e-01	9.798418e-01	9.798418e-01
4.795642009703442e-01	-9.591604e-01	4.083954e-02	1.005109e+00	-9.633673e-01	-9.633673e-01	9.633673e-01	9.633673e-01
4.805407634703442e-01	-9.400101e-01	5.998991e-02	1.004178e+00	-9.433039e-01	-9.433039e-01	9.433039e-01	9.433039e-01
4.815173259703442e-01	-9.173217e-01	8.267827e-02	1.003269e+00	-9.197272e-01	-9.197272e-01	9.197272e-01	9.197272e-01
4.824938884703442e-01	-8.911808e-01	1.088192e-01	1.002384e+00	-8.927259e-01	-8.927259e-01	8.927259e-01	8.927259e-01
4.834704509703442e-01	-8.616856e-01	1.383144e-01	1.001527e+00	-8.624015e-01	-8.624015e-01	8.624015e-01	8.624015e-01
4.844470134703442e-01	-8.289473e-01	1.710527e-01	1.000701e+00	-8.288682e-01	-8.288682e-01	8.288682e-01	8.288682e-01
4.854235759703442e-01	-7.930890e-01	2.069110e-01	9.999093e-01	-7.922521e-01	-7.922521e-01	7.922521e-01	7.922521e-01
4.864001384703442e-01	-7.542456e-01	2.457543e-01	9.991549e-01	-7.526909e-01	-7.526909e-01	7.526909e-01	7.526909e-01
4.873767009703442e-01	-7.125635e-01	2.874365e-01	9.984406e-01	-7.103336e-01	-7.103336e-01	7.103336e-01	7.103336e-01
4.883532634703442e-01	-6.681995e-01	3.318005e-01	9.977689e-01	-6.653396e-01	-6.653396e-01	6.653396e-01	6.653396e-01
4.893298259703442e-01	-6.213205e-01	3.786795e-01	9.971423e-01	-6.178781e-01	-6.178781e-01	6.178781e-01	6.178781e-01
4.912829509703442e-01	-5.207322e-01	4.792678e-01	9.960337e-01	-5.162759e-01	-5.162759e-01	5.162759e-01	5.162759e-01
4.932360759703442e-01	-4.123116e-01	5.876884e-01	9.951311e-01	-4.070548e-01	-4.070548e-01	4.070548e-01	4.070548e-01
4.951892009703442e-01	-2.976894e-01	7.023106e-01	9.944480e-01	-2.918573e-01	-2.918573e-01	2.918573e-01	2.918573e-01
4.971423259703442e-01	-1.785897e-01	8.214102e-01	9.939942e-01	-1.724159e-01	-1.724159e-01	1.724159e-01	1.724159e-01
4.990954509703442e-01	-5.680390e-02	9.431961e-01	9.937763e-01	-5.052675e-02	-5.052675e-02	5.052675e-02	5.052675e-02
5.000720134703442e-01	4.524725e-03	1.004525e+00	9.937569e-01	1.076359e-02	1.076359e-02	-1.076359e-02	-1.076359e-02
5.020251384703442e-01	1.269001e-01	1.126900e+00	9.938973e-01	1.328834e-01	1.328834e-01	-1.328834e-01	-1.328834e-01
5.039782634703442e-01	2.473668e-01	1.247367e+00	9.942744e-01	2.528597e-01	2.528597e-01	-2.528597e-01	-2.528597e-01
5.059313884703442e-01	3.641129e-01	1.364113e+00	9.948821e-01	3.688881e-01	3.688881e-01	-3.688881e-01	-3.688881e-01
5.078845134703442e-01	4.753824e-01	1.475382e+00	9.957112e-01	4.792238e-01	4.792238e-01	-4.792238e-01	-4.792238e-01
5.098376384703442e-01	5.795016e-01	1.579502e+00	9.967487e-01	5.822076e-01	5.822076e-01	-5.822076e-01	-5.822076e-01
5.117907634703442e-01	6.749047e-01	1.674905e+00	9.979789e-01	6.762907e-01	6.762907e-01	-6.762907e-01	-6.762907e-01
5.137438884703442e-01	7.601565e-01	1.760157e+00	9.993829e-01	7.600583e-01	7.600583e-01	-7.600583e-01	-7.600583e-01
5.156970134703442e-01	8.339749e-01	1.833975e+00	1.000939e+00	8.322508e-01	8.322508e-01	-8.322508e-01	-8.322508e-01
5.176501384703442e-01	8.952495e-01	1.895249e+00	1.002625e+00	8.917825e-01	8.917825e-01	-8.917825e-01	-8.917825e-01
5.196032634703442e-01	9.430588e-01	1.943059e+00	1.004413e+00	9.377584e-01	9.377584e-01	-9.377584e-01	-9.377584e-01
5.215563884703442e-01	9.766835e-01	1.976683e+00	1.006277e+00	9.694872e-01	9.694872e-01	-9.694872e-01	-9.694872e-01
5.235095134703442e-01	9.956180e-01	1.995618e+00	1.008189e+00	9.864919e-01	9.864919e-01	-9.864919e-01	-9.864919e-01
5.254626384703442e-01	9.995775e-01	1.999578e+00	1.010120e+00	9.885172e-01	9.885172e-01	-9.885172e-01	-9.885172e-01
5.274157634703442e-01	9.885024e-01	1.988503e+00	1.012040e+00	9.755327e-01	9.755327e-01	-9.755327e-01	-9.755327e-01
5.293688884703442e-01	9.625594e-01	1.962559e+00	1.013920e+00	9.477340e-01	9.477340e-01	-9.477340e-01	-9.477340e-01
5.313220134703442e-01	9.221385e-01	1.922139e+00	1.015731e+00	9.055396e-01	9.055396e-01	-9.055396e-01	-9.055396e-01
5.332751384703442e-01	8.678479e-01	1.867848e+00	1.017447e+00	8.495844e-01	8.495844e-01	-8.495844e-01	-8.495844e-01
5.352282634703442e-01	8.005039e-01	1.800504e+00	1.019040e+00	7.807102e-01	7.807102e-01	-7.807102e-01	-7.807102e-01
5.371813884703442e-01	7.211197e-01	1.721120e+00	1.020488e+00	6.999534e-01	6.999534e-01	-6.999534e-01	-6.999534e-01
5.391345134703442e-01	6.308891e-01	1.630889e+00	1.021767e+00	6.085287e-01	6.085287e-01	-6.085287e-01	-6.085287e-01
5.410876384703442e-01	5.311694e-01	1.531169e+00	1.022858e+00	5.078116e-01	5.078116e-01	-5.078116e-01	-5.078116e-01
5.430407634703442e-01	4.234604e-01	1.423460e+00	1.023745e+00	3.993172e-01	3.993172e-01	-3.993172e-01	-3.993172e-01
5.449938884703442e-01	3.093822e-01	1.309382e+00	1.024413e+00	2.846777e-01	2.846777e-01	-2.846777e-01	-2.846777e-01
5.469470134703442e-01	1.906505e-01	1.190651e+00	1.024853e+00	1.656176e-01	1.656176e-01	-1.656176e-01	-1.656176e-01
5.489001384703442e-01	6.905135e-02	1.069051e+00	1.025058e+00	4.392799e-02	4.392799e-02	-4.392799e-02	-4.392799e-02
5.508532634703442e-01	-5.358645e-02	9.464136e-01	1.025025e+00	-7.856057e-02	-7.856057e-02	7.856057e-02	7.856057e-02
5.528063884703442e-01	-1.754182e-01	8.245817e-01	1.024752e+00	-2.000055e-01	-2.000055e-01	2.000055e-01	2.000055e-01
5.547595134703442e-01	-2.946116e-01	7.053884e-01	1.024245e+00	-3.185798e-01	-3.185798e-01	3.185798e-01	3.185798e-01
5.567126384703442e-01	-4.093737e-01	5.906263e-01	1.023511e+00	-4.324997e-01	-4.324997e-01	4.324997e-01	4.324997e-01
5.586657634703442e-01	-5.179785e-01	4.820215e-01	1.022561e+00	-5.400516e-01	-5.400516e-01	5.400516e-01	5.400516e-01
5.606188884703442e-01	-6.187924e-01	3.812076e-01	1.021407e+00	-6.396176e-01	-6.396176e-01	6.396176e-01	6.396176e-01
5.615954509703442e-01	-6.657986e-01	3.342014e-01	1.020760e+00	-6.859324e-01	-6.859324e-01	6.859324e-01	6.859324e-01
5.625720134703442e-01	-7.102990e-01	2.897010e-01	1.020069e+00	-7.296997e-01	-7.296997e-01	7.296997e-01	7.296997e-01
5.635485759703442e-01	-7.521260e-01	2.478740e-01	1.019336e+00	-7.707546e-01	-7.707546e-01	7.707546e-01	7.707546e-01
5.645251384703442e-01	-7.911221e-01	2.088779e-01	1.018565e+00	-8.089428e-01	-8.089428e-01	8.089428e-01	8.089428e-01
5.655017009703442e-01	-8.271406e-01	1.728594e-01	1.017758e+00	-8.441203e-01	-8.441203e-01	8.441203e-01	8.441203e-01
5.664782634703442e-01	-8.600460e-01	1.399540e-01	1.016918e+00	-8.761547e-01	-8.761547e-01	8.761547e-01	8.761547e-01
5.674548259703442e-01	-8.897144e-01	1.102857e-01	1.016048e+00	-9.049255e-01	-9.049255e-01	9.049255e-01	9.049255e-01
5.684313884703442e-01	-9.160340e-01	8.396599e-02	1.015152e+00	-9.303242e-01	-9.303242e-01	9.303242e-01	9.303242e-01
5.694079509703442e-01	-9.389059e-01	6.109409e-02	1.014233e+00	-9.522554e-01	-9.522554e-01	9.522554e-01	9.522554e-01
5.703845134703442e-01	-9.582440e-01	4.175600e-02	1.013294e+00	-9.706364e-01	-9.706364e-01	9.706364e-01	9.706364e-01
5.713610759703442e-01	-9.739755e-01	2.602453e-02	1.012339e+00	-9.853979e-01	-9.853979e-01	9.853979e-01	9.853979e-01
5.723376384703442e-01	-9.860411e-01	1.395889e-02	1.011371e+00	-9.964845e-01	-9.964845e-01	9.964845e-01	9.964845e-01
5.733142009703442e-01	-9.943955e-01	5.604479e-03	1.010394e+00	-1.003854e+00	-1.003854e+00	1.003854e+00	1.003854e+00
5.742907634703442e-01	-9.990072e-01	9.927504e-04	1.009412e+00	-1.007480e+00	-1.007480e+00	1.007480e+00	1.007480e+00
5.752673259703442e-01	-9.998589e-01	1.410593e-04	1.008429e+00	-1.007347e+00	-1.007347e+00	1.007347e+00	1.007347e+00
5.762438884703442e-01	-9.969474e-01	3.052612e-03	1.007447e+00	-1.003456e+00	-1.003456e+00	1.003456e+00	1.003456e+00
5.772204509703442e-01	-9.902835e-01	9.716448e-03	1.006470e+00	-9.958223e-01	-9.958223e-01	9.958223e-01	9.958223e-01
5.781970134703442e-01	-9.798925e-01	2.010749e-02	1.005504e+00	-9.844741e-01	-9.844741e-01	9.844741e-01	9.844741e-01
5.791735759703442e-01	-9.658134e-01	3.418662e-02	1.004550e+00	-9.694541e-01	-9.694541e-01	9.694541e-01	9.694541e-01
5.801501384703442e-01	-9.480991e-01	5.190086e-02	1.003612e+00	-9.508189e-01	-9.508189e-01	9.508189e-01	9.508189e-01
5.811267009703442e-01	-9.268165e-01	7.318353e-02	1.002694e+00	-9.286386e-01	-9.286386e-01	9.286386e-01	9.286386e-01
5.821032634703442e-01	-9.020455e-01	9.795453e-02	1.001800e+00	-9.029965e-01	-9.029965e-01	9.029965e-01	9.029965e-01
5.830798259703442e-01	-8.738794e-01	1.261206e-01	1.000932e+00	-8.739892e-01	-8.739892e-01	8.739892e-01	8.739892e-01
5.840563884703442e-01	-8.424242e-01	1.575758e-01	1.000094e+00	-8.417259e-01	-8.417259e-01	8.417259e-01	8.417259e-01
5.850329509703442e-01	-8.077983e-01	1.922017e-01	9.992896e-01	-8.063279e-01	-8.063279e-01	8.063279e-01	8.063279e-01
5.860095134703442e-01	-7.701321e-01	2.298679e-01	9.985210e-01	-7.679284e-01	-7.679284e-01	7.679284e-01	7.679284e-01
5.869860759703442e-01	-7.295672e-01	2.704328e-01	9.977912e-01	-7.266719e-01	-7.266719e-01	7.266719e-01	7.266719e-01
5.879626384703442e-01	-6.862565e-01	3.137435e-01	9.971030e-01	-6.827137e-01	-6.827137e-01	6.827137e-01	6.827137e-01
5.889392009703442e-01	-6.403628e-01	3.596372e-01	9.964590e-01	-6.362193e-01	-6.362193e-01	6.362193e-01	6.362193e-01
5.899157634703442e-01	-5.920589e-01	4.079411e-01	9.958616e-01	-5.873634e-01	-5.873634e-01	5.873634e-01	5.873634e-01
5.918688884703442e-01	-4.889562e-01	5.110437e-01	9.948150e-01	-4.833112e-01	-4.833112e-01	4.833112e-01	4.833112e-01
5.938220134703442e-01	-3.784992e-01	6.215008e-01	9.939789e-01	-3.721219e-01	-3.721219e-01	3.721219e-01	3.721219e-01
5.957751384703442e-01	-2.623492e-01	7.376508e-01	9.933654e-01	-2.554678e-01	-2.554678e-01	2.554678e-01	2.554678e-01
5.977282634703442e-01	-1.422532e-01	8.577468e-01	9.929836e-01	-1.351030e-01	-1.351030e-01	1.351030e-01	1.351030e-01
5.996813884703442e-01	-2.001762e-02	9.799824e-01	9.928390e-01	-1.283784e-02	-1.283784e-02	1.283784e-02	1.283784e-02
6.016345134703442e-01	1.025191e-01	1.102519e+00	9.929335e-01	1.094891e-01	1.094891e-01	-1.094891e-01	-1.094891e-01
6.035876384703442e-01	2.235138e-01	1.223514e+00	9.932655e-01	2.300380e-01	2.300380e-01	-2.300380e-01	-2.300380e-01
6.055407634703442e-01	3.411466e-01	1.341147e+00	9.938295e-01	3.469961e-01	3.469961e-01	-3.469961e-01	-3.469961e-01
6.074938884703442e-01	4.536483e-01	1.453648e+00	9.946170e-01	4.586045e-01	4.586045e-01	-4.586045e-01	-4.586045e-01
6.094470134703442e-01	5.593267e-01	1.559327e+00	9.956158e-01	5.631846e-01	5.631846e-01	-5.631846e-01	-5.631846e-01
6.114001384703442e-01	6.565923e-01	1.656592e+00	9.968106e-01	6.591639e-01	6.591639e-01	-6.591639e-01	-6.591639e-01
6.133532634703442e-01	7.439821e-01	1.743982e+00	9.981833e-01	7.450988e-01	7.450988e-01	-7.450988e-01	-7.450988e-01
6.153063884703442e-01	8.201818e-01	1.820182e+00	9.997128e-01	8.196972e-01	8.196972e-01	-8.196972e-01	-8.196972e-01
6.172595134703442e-01	8.840452e-01	1.884045e+00	1.001376e+00	8.818372e-01	8.818372e-01	-8.818372e-01	-8.818372e-01
6.192126384703442e-01	9.346117e-01	1.934612e+00	1.003148e+00	9.305845e-01	9.305845e-01	-9.305845e-01	-9.305845e-01
6.211657634703442e-01	9.711207e-01	1.971121e+00	1.005001e+00	9.652061e-01	9.652061e-01	-9.652061e-01	-9.652061e-01
6.231188884703442e-01	9.930233e-01	1.993023e+00	1.006907e+00	9.851815e-01	9.851815e-01	-9.851815e-01	-9.851815e-01
6.250720134703442e-01	9.999897e-01	1.999990e+00	1.008838e+00	9.902106e-01	9.902106e-01	-9.902106e-01	-9.902106e-01
6.270251384703442e-01	9.919155e-01	1.991915e+00	1.010764e+00	9.802178e-01	9.802178e-01	-9.802178e-01	-9.802178e-01
6.289782634703442e-01	9.689219e-01	1.968922e+00	1.012656e+00	9.553539e-01	9.553539e-01	-9.553539e-01	-9.553539e-01
6.309313884703442e-01	9.313548e-01	1.931355e+00	1.014486e+00	9.159929e-01	9.159929e-01	-9.159929e-01	-9.159929e-01
6.328845134703442e-01	8.797793e-01	1.879779e+00	1.016224e+00	8.627272e-01	8.627272e-01	-8.627272e-01	-8.627272e-01
6.348376384703442e-01	8.149711e-01	1.814971e+00	1.017846e+00	7.963582e-01	7.963582e-01	-7.963582e-01	-7.963582e-01
6.367907634703442e-01	7.379049e-01	1.737905e+00	1.019326e+00	7.178844e-01	7.178844e-01	-7.178844e-01	-7.178844e-01
6.387438884703442e-01	6.497400e-01	1.649740e+00	1.020642e+00	6.284864e-01	6.284864e-01	-6.284864e-01	-6.284864e-01
6.406970134703442e-01	5.518024e-01	1.551802e+00	1.021774e+00	5.295090e-01	5.295090e-01	-5.295090e-01	-5.295090e-01
6.426501384703442e-01	4.455651e-01	1.445565e+00	1.022705e+00	4.224412e-01	4.224412e-01	-4.224412e-01	-4.224412e-01
6.446032634703442e-01	3.326262e-01	1.332626e+00	1.023420e+00	3.088936e-01	3.088936e-01	-3.088936e-01	-3.088936e-01
6.465563884703442e-01	2.146842e-01	1.214684e+00	1.023908e+00	1.905744e-01	1.905744e-01	-1.905744e-01	-1.905744e-01
6.485095134703442e-01	9.351320e-02	1.093513e+00	1.024162e+00	6.926339e-02	6.926339e-02	-6.926339e-02	-6.926339e-02
6.494860759703442e-01	3.228519e-02	1.032285e+00	1.024199e+00	8.055238e-03	8.055238e-03	-8.055238e-03	-8.055238e-03
6.514392009703442e-01	-9.030447e-02	9.096955e-01	1.024096e+00	-1.143152e-01	-1.143152e-01	1.143152e-01	1.143152e-01
6.533923259703442e-01	-2.115359e-01	7.884641e-01	1.023754e+00	-2.350910e-01	-2.350910e-01	2.350910e-01	2.350910e-01
6.553454509703442e-01	-3.295856e-01	6.704144e-01	1.023180e+00	-3.524553e-01	-3.524553e-01	3.524553e-01	3.524553e-01
6.572985759703442e-01	-4.426780e-01	5.573220e-01	1.022381e+00	-4.646427e-01	-4.646427e-01	4.646427e-01	4.646427e-01
6.592517009703442e-01	-5.491121e-01	4.508879e-01	1.021370e+00	-5.699654e-01	-5.699654e-01	5.699654e-01	5.699654e-01
6.602282634703442e-01	-5.993275e-01	4.006725e-01	1.020789e+00	-6.195527e-01	-6.195527e-01	6.195527e-01	6.195527e-01
6.612048259703442e-01	-6.472871e-01	3.527129e-01	1.020161e+00	-6.668391e-01	-6.668391e-01	6.668391e-01	6.668391e-01
6.621813884703442e-01	-6.928105e-01	3.071895e-01	1.019488e+00	-7.116465e-01	-7.116465e-01	7.116465e-01	7.116465e-01
6.631579509703442e-01	-7.357263e-01	2.642737e-01	1.018772e+00	-7.538064e-01	-7.538064e-01	7.538064e-01	7.538064e-01
6.641345134703442e-01	-7.758730e-01	2.241270e-01	1.018017e+00	-7.931600e-01	-7.931600e-01	7.931600e-01	7.931600e-01
6.651110759703442e-01	-8.130995e-01	1.869005e-01	1.017225e+00	-8.295590e-01	-8.295590e-01	8.295590e-01	8.295590e-01
6.660876384703442e-01	-8.472657e-01	1.527344e-01	1.016398e+00	-8.628666e-01	-8.628666e-01	8.628666e-01	8.628666e-01
6.670642009703442e-01	-8.782429e-01	1.217571e-01	1.015541e+00	-8.929574e-01	-8.929574e-01	8.929574e-01	8.929574e-01
6.680407634703442e-01	-9.059146e-01	9.408540e-02	1.014656e+00	-9.197180e-01	-9.197180e-01	9.197180e-01	9.197180e-01
6.690173259703442e-01	-9.301767e-01	6.982332e-02	1.013746e+00	-9.430477e-01	-9.430477e-01	9.430477e-01	9.430477e-01
6.699938884703442e-01	-9.509378e-01	4.906221e-02	1.012816e+00	-9.628587e-01	-9.628587e-01	9.628587e-01	9.628587e-01
6.709704509703442e-01	-9.681197e-01	3.188023e-02	1.011867e+00	-9.790763e-01	-9.790763e-01	9.790763e-01	9.790763e-01
6.719470134703442e-01	-9.816580e-01	1.834203e-02	1.010905e+00	-9.916395e-01	-9.916395e-01	9.916395e-01	9.916395e-01
6.729235759703442e-01	-9.915015e-01	8.498567e-03	1.009933e+00	-1.000501e+00	-1.000501e+00	1.000501e+00	1.000501e+00
6.739001384703442e-01	-9.976131e-01	2.386893e-03	1.008953e+00	-1.005627e+00	-1.005627e+00	1.005627e+00	1.005627e+00
6.748767009703442e-01	-9.999700e-01	3.000868e-05	1.007970e+00	-1.006999e+00	-1.006999e+00	1.006999e+00	1.006999e+00
6.758532634703442e-01	-9.985632e-01	1.436786e-03	1.006988e+00	-1.004612e+00	-1.004612e+00	1.004612e+00	1.004612e+00
6.768298259703442e-01	-9.933981e-01	6.601929e-03	1.006010e+00	-9.984732e-01	-9.984732e-01	9.984732e-01	9.984732e-01
6.778063884703442e-01	-9.844940e-01	1.550600e-02	1.005040e+00	-9.886073e-01	-9.886073e-01	9.886073e-01	9.886073e-01
6.787829509703442e-01	-9.718845e-01	2.811548e-02	1.004081e+00	-9.750508e-01	-9.750508e-01	9.750508e-01	9.750508e-01
6.797595134703442e-01	-9.556171e-01	4.438292e-02	1.003137e+00	-9.578549e-01	-9.578549e-01	9.578549e-01	9.578549e-01
6.807360759703442e-01	-9.357529e-01	6.424708e-02	1.002212e+00	-9.370841e-01	-9.370841e-01	9.370841e-01	9.370841e-01
6.817126384703442e-01	-9.123668e-01	8.763321e-02	1.001308e+00	-9.128168e-01	-9.128168e-01	9.128168e-01	9.128168e-01
6.826892009703442e-01	-8.855467e-01	1.144533e-01	1.000431e+00	-8.851441e-01	-8.851441e-01	8.851441e-01	8.851441e-01
6.836657634703442e-01	-8.553936e-01	1.446063e-01	9.995813e-01	-8.541701e-01	-8.541701e-01	8.541701e-01	8.541701e-01
6.846423259703442e-01	-8.220211e-01	1.779789e-01	9.987638e-01	-8.200114e-01	-8.200114e-01	8.200114e-01	8.200114e-01
6.856188884703442e-01	-7.855546e-01	2.144454e-01	9.979812e-01	-7.827966e-01	-7.827966e-01	7.827966e-01	7.827966e-01
6.865954509703442e-01	-7.461315e-01	2.538685e-01	9.972363e-01	-7.426658e-01	-7.426658e-01	7.426658e-01	7.426658e-01
6.875720134703442e-01	-7.039001e-01	2.960999e-01	9.965320e-01	-6.997697e-01	-6.997697e-01	6.997697e-01	6.997697e-01
6.885485759703442e-01	-6.590194e-01	3.409806e-01	9.958708e-01	-6.542701e-01	-6.542701e-01	6.542701e-01	6.542701e-01
6.895251384703442e-01	-6.116582e-01	3.883418e-01	9.952554e-01	-6.063380e-01	-6.063380e-01	6.063380e-01	6.063380e-01
6.914782634703442e-01	-5.102165e-01	4.897835e-01	9.941701e-01	-5.039065e-01	-5.039065e-01	5.039065e-01	5.039065e-01
6.934313884703442e-01	-4.011006e-01	5.988994e-01	9.932925e-01	-3.940156e-01	-3.940156e-01	3.940156e-01	3.940156e-01
6.953845134703442e-01	-2.859518e-01	7.140482e-01	9.926353e-01	-2.783180e-01	-2.783180e-01	2.783180e-01	2.783180e-01
6.973376384703442e-01	-1.665020e-01	8.334979e-01	9.922082e-01	-1.585536e-01	-1.585536e-01	1.585536e-01	1.585536e-01
6.992907634703442e-01	-4.454790e-02	9.554521e-01	9.920175e-01	-3.652352e-02	-3.652352e-02	3.652352e-02	3.652352e-02
7.012438884703442e-01	7.807627e-02	1.078076e+00	9.920658e-01	8.593696e-02	8.593696e-02	-8.593696e-02	-8.593696e-02
7.031970134703442e-01	1.995261e-01	1.199526e+00	9.923522e-01	2.069862e-01	2.069862e-01	-2.069862e-01	-2.069862e-01
7.051501384703442e-01	3.179749e-01	1.317975e+00	9.928721e-01	3.248037e-01	3.248037e-01	-3.248037e-01	-3.248037e-01
7.071032634703442e-01	4.316410e-01	1.431641e+00	9.936173e-01	4.376176e-01	4.376176e-01	-4.376176e-01	-4.376176e-01
7.090563884703442e-01	5.388149e-01	1.538815e+00	9.945766e-01	5.437313e-01	5.437313e-01	-5.437313e-01	-5.437313e-01
7.110095134703442e-01	6.378844e-01	1.637884e+00	9.957352e-01	6.415491e-01	6.415491e-01	-6.415491e-01	-6.415491e-01
7.129626384703442e-01	7.273597e-01	1.727360e+00	9.970754e-01	7.295998e-01	7.295998e-01	-7.295998e-01	-7.295998e-01
7.149157634703442e-01	8.058947e-01	1.805895e+00	9.985771e-01	8.065593e-01	8.065593e-01	-8.065593e-01	-8.065593e-01
7.168688884703442e-01	8.723083e-01	1.872308e+00	1.000217e+00	8.712704e-01	8.712704e-01	-8.712704e-01	-8.712704e-01
7.188220134703442e-01	9.256016e-01	1.925602e+00	1.001971e+00	9.227599e-01	9.227599e-01	-9.227599e-01	-9.227599e-01
7.207751384703442e-01	9.649730e-01	1.964973e+00	1.003811e+00	9.602536e-01	9.602536e-01	-9.602536e-01	-9.602536e-01
7.227282634703442e-01	9.898303e-01	1.989830e+00	1.005711e+00	9.831879e-01	9.831879e-01	-9.831879e-01	-9.831879e-01
7.246813884703442e-01	9.997996e-01	1.999800e+00	1.007641e+00	9.912179e-01	9.912179e-01	-9.912179e-01	-9.912179e-01
7.266345134703442e-01	9.947310e-01	1.994731e+00	1.009572e+00	9.842230e-01	9.842230e-01	-9.842230e-01	-9.842230e-01
7.285876384703442e-01	9.747007e-01	1.974701e+00	1.011475e+00	9.623089e-01	9.623089e-01	-9.623089e-01	-9.623089e-01
7.305407634703442e-01	9.400101e-01	1.940010e+00	1.013320e+00	9.258053e-01	9.258053e-01	-9.258053e-01	-9.258053e-01
7.324938884703442e-01	8.911808e-01	1.891181e+00	1.015081e+00	8.752614e-01	8.752614e-01	-8.752614e-01	-8.752614e-01
7.344470134703442e-01	8.289473e-01	1.828947e+00	1.016730e+00	8.114377e-01	8.114377e-01	-8.114377e-01	-8.114377e-01
7.364001384703442e-01	7.542456e-01	1.754246e+00	1.018242e+00	7.352945e-01	7.352945e-01	-7.352945e-01	-7.352945e-01
7.383532634703442e-01	6.681995e-01	1.668200e+00	1.019594e+00	6.479771e-01	6.479771e-01	-6.479771e-01	-6.479771e-01
7.403063884703442e-01	5.721030e-01	1.572103e+00	1.020765e+00	5.507992e-01	5.507992e-01	-5.507992e-01	-5.507992e-01
7.422595134703442e-01	4.674015e-01	1.467402e+00	1.021739e+00	4.452226e-01	4.452226e-01	-4.452226e-01	-4.452226e-01
7.442126384703442e-01	3.556698e-01	1.355670e+00	1.022500e+00	3.328356e-01	3.328356e-01	-3.328356e-01	-3.328356e-01
7.461657634703442e-01	2.385886e-01	1.238589e+00	1.023036e+00	2.153286e-01	2.153286e-01	-2.153286e-01	-2.153286e-01
7.481188884703442e-01	1.179187e-01	1.117919e+00	1.023338e+00	9.446948e-02	9.446948e-02	-9.446948e-02	-9.446948e-02
7.500720134703442e-01	-4.524725e-03	9.954753e-01	1.023403e+00	-2.792382e-02	-2.792382e-02	2.792382e-02	2.792382e-02
7.520251384703442e-01	-1.269001e-01	8.730999e-01	1.023229e+00	-1.500102e-01	-1.500102e-01	1.500102e-01	1.500102e-01
7.539782634703442e-01	-2.473668e-01	7.526332e-01	1.022819e+00	-2.699530e-01	-2.699530e-01	2.699530e-01	2.699530e-01
7.559313884703442e-01	-3.641129e-01	6.358871e-01	1.022178e+00	-3.859481e-01	-3.859481e-01	3.859481e-01	3.859481e-01
7.578845134703442e-01	-4.753824e-01	5.246176e-01	1.021316e+00	-4.962506e-01	-4.962506e-01	4.962506e-01	4.962506e-01
7.598376384703442e-01	-5.795016e-01	4.204984e-01	1.020245e+00	-5.992011e-01	-5.992011e-01	5.992011e-01	5.992011e-01
7.608142009703442e-01	-6.283857e-01	3.716143e-01	1.019636e+00	-6.474305e-01	-6.474305e-01	6.474305e-01	6.474305e-01
7.617907634703442e-01	-6.749047e-01	3.250953e-01	1.018981e+00	-6.932510e-01	-6.932510e-01	6.932510e-01	6.932510e-01
7.627673259703442e-01	-7.188835e-01	2.811165e-01	1.018283e+00	-7.364903e-01	-7.364903e-01	7.364903e-01	7.364903e-01
7.637438884703442e-01	-7.601565e-01	2.398435e-01	1.017544e+00	-7.769855e-01	-7.769855e-01	7.769855e-01	7.769855e-01
7.647204509703442e-01	-7.985685e-01	2.014315e-01	1.016767e+00	-8.145843e-01	-8.145843e-01	8.145843e-01	8.145843e-01
7.656970134703442e-01	-8.339749e-01	1.660251e-01	1.015955e+00	-8.491449e-01	-8.491449e-01	8.491449e-01	8.491449e-01
7.666735759703442e-01	-8.662424e-01	1.337576e-01	1.015110e+00	-8.805375e-01	-8.805375e-01	8.805375e-01	8.805375e-01
7.676501384703442e-01	-8.952495e-01	1.047505e-01	1.014237e+00	-9.086437e-01	-9.086437e-01	9.086437e-01	9.086437e-01
7.686267009703442e-01	-9.208872e-01	7.911285e-02	1.013337e+00	-9.333578e-01	-9.333578e-01	9.333578e-01	9.333578e-01
7.696032634703442e-01	-9.430588e-01	5.694124e-02	1.012415e+00	-9.545867e-01	-9.545867e-01	9.545867e-01	9.545867e-01
7.705798259703442e-01	-9.616809e-01	3.831909e-02	1.011474e+00	-9.722505e-01	-9.722505e-01	9.722505e-01	9.722505e-01
7.715563884703442e-01	-9.766835e-01	2.331649e-02	1.010518e+00	-9.862827e-01	-9.862827e-01	9.862827e-01	9.862827e-01
7.725329509703442e-01	-9.880101e-01	1.198990e-02	1.009550e+00	-9.966304e-01	-9.966304e-01	9.966304e-01	9.966304e-01
7.735095134703442e-01	-9.956180e-01	4.381960e-03	1.008573e+00	-1.003255e+00	-1.003255e+00	1.003255e+00	1.003255e+00
7.744860759703442e-01	-9.994787e-01	5.213026e-04	1.007592e+00	-1.006131e+00	-1.006131e+00	1.006131e+00	1.006131e+00
7.754626384703442e-01	-9.995775e-01	4.224571e-04	1.006610e+00	-1.005247e+00	-1.005247e+00	1.005247e+00	1.005247e+00
7.764392009703442e-01	-9.959142e-01	4.085796e-03	1.005631e+00	-1.000608e+00	-1.000608e+00	1.000608e+00	1.000608e+00
7.774157634703442e-01	-9.885024e-01	1.149753e-02	1.004658e+00	-9.922301e-01	-9.922301e-01	9.922301e-01	9.922301e-01
7.783923259703442e-01	-9.773703e-01	2.262977e-02	1.003695e+00	-9.801452e-01	-9.801452e-01	9.801452e-01	9.801452e-01
7.793688884703442e-01	-9.625594e-01	3.744060e-02	1.002745e+00	-9.643989e-01	-9.643989e-01	9.643989e-01	9.643989e-01
7.803454509703442e-01	-9.441257e-01	5.587430e-02	1.001813e+00	-9.450501e-01	-9.450501e-01	9.450501e-01	9.450501e-01
7.813220134703442e-01	-9.221385e-01	7.786147e-02	1.000901e+00	-9.221720e-01	-9.221720e-01	9.221720e-01	9.221720e-01
7.822985759703442e-01	-8.966807e-01	1.033194e-01	1.000013e+00	-8.958503e-01	-8.958503e-01	8.958503e-01	8.958503e-01
7.832751384703442e-01	-8.678479e-01	1.321521e-01	9.991530e-01	-8.661842e-01	-8.661842e-01	8.661842e-01	8.661842e-01
7.842517009703442e-01	-8.357487e-01	1.642513e-01	9.983231e-01	-8.332855e-01	-8.332855e-01	8.332855e-01	8.332855e-01
7.852282634703442e-01	-8.005039e-01	1.994961e-01	9.975270e-01	-7.972777e-01	-7.972777e-01	7.972777e-01	7.972777e-01
7.862048259703442e-01	-7.622463e-01	2.377537e-01	9.967674e-01	-7.582965e-01	-7.582965e-01	7.582965e-01	7.582965e-01
7.871813884703442e-01	-7.211197e-01	2.788803e-01	9.960473e-01	-7.164885e-01	-7.164885e-01	7.164885e-01	7.164885e-01
7.881579509703442e-01	-6.772790e-01	3.227210e-01	9.953693e-01	-6.720110e-01	-6.720110e-01	6.720110e-01	6.720110e-01
7.891345134703442e-01	-6.308891e-01	3.691109e-01	9.947360e-01	-6.250315e-01	-6.250315e-01	6.250315e-01	6.250315e-01
7.901110759703442e-01	-5.821248e-01	4.178752e-01	9.941497e-01	-5.757267e-01	-5.757267e-01	5.757267e-01	5.757267e-01
7.920642009703442e-01	-4.782149e-01	5.217851e-01	9.931266e-01	-4.708916e-01	-4.708916e-01	4.708916e-01	4.708916e-01
7.940173259703442e-01	-3.671122e-01	6.328878e-01	9.923154e-01	-3.590821e-01	-3.590821e-01	3.590821e-01	3.590821e-01
7.959704509703442e-01	-2.504877e-01	7.495123e-01	9.917279e-01	-2.419799e-01	-2.419799e-01	2.419799e-01	2.419799e-01
7.979235759703442e-01	-1.300958e-01	8.699042e-01	9.913728e-01	-1.213461e-01	-1.213461e-01	1.213461e-01	1.213461e-01
7.998767009703442e-01	-7.747029e-03	9.922529e-01	9.912551e-01	1.005122e-03	1.005122e-03	-1.005122e-03	-1.005122e-03
8.018298259703442e-01	1.147182e-01	1.114718e+00	9.913766e-01	1.232337e-01	1.232337e-01	-1.232337e-01	-1.232337e-01
8.037829509703442e-01	2.354580e-01	1.235458e+00	9.917351e-01	2.435014e-01	2.435014e-01	-2.435014e-01	-2.435014e-01
8.057360759703442e-01	3.526563e-01	1.352656e+00	9.923250e-01	3.599995e-01	3.599995e-01	-3.599995e-01	-3.599995e-01
8.076892009703442e-01	4.645503e-01	1.464550e+00	9.931373e-01	4.709759e-01	4.709759e-01	-4.709759e-01	-4.709759e-01
8.096423259703442e-01	5.694571e-01	1.569457e+00	9.941595e-01	5.747617e-01	5.747617e-01	-5.747617e-01	-5.747617e-01
8.115954509703442e-01	6.657986e-01	1.665799e+00	9.953761e-01	6.697961e-01	6.697961e-01	-6.697961e-01	-6.697961e-01
8.135485759703442e-01	7.521260e-01	1.752126e+00	9.967684e-01	7.546498e-01	7.546498e-01	-7.546498e-01	-7.546498e-01
8.155017009703442e-01	8.271406e-01	1.827141e+00	9.983155e-01	8.280469e-01	8.280469e-01	-8.280469e-01	-8.280469e-01
8.174548259703442e-01	8.897144e-01	1.889714e+00	9.999938e-01	8.888834e-01	8.888834e-01	-8.888834e-01	-8.888834e-01
8.194079509703442e-01	9.389059e-01	1.938906e+00	1.001778e+00	9.362446e-01	9.362446e-01	-9.362446e-01	-9.362446e-01
8.213610759703442e-01	9.739755e-01	1.973975e+00	1.003641e+00	9.694184e-01	9.694184e-01	-9.694184e-01	-9.694184e-01
8.233142009703442e-01	9.943955e-01	1.994395e+00	1.005554e+00	9.879060e-01	9.879060e-01	-9.879060e-01	-9.879060e-01
8.252673259703442e-01	9.998589e-01	1.999859e+00	1.007489e+00	9.914295e-01	9.914295e-01	-9.914295e-01	-9.914295e-01
8.272204509703442e-01	9.902835e-01	1.990284e+00	1.009416e+00	9.799361e-01	9.799361e-01	-9.799361e-01	-9.799361e-01
8.291735759703442e-01	9.658134e-01	1.965813e+00	1.011306e+00	9.535990e-01	9.535990e-01	-9.535990e-01	-9.535990e-01
8.311267009703442e-01	9.268165e-01	1.926816e+00	1.013130e+00	9.128144e-01	9.128144e-01	-9.128144e-01	-9.128144e-01
8.330798259703442e-01	8.738794e-01	1.873879e+00	1.014861e+00	8.581959e-01	8.581959e-01	-8.581959e-01	-8.581959e-01
8.350329509703442e-01	8.077983e-01	1.807798e+00	1.016473e+00	7.905654e-01	7.905654e-01	-7.905654e-01	-7.905654e-01
8.369860759703442e-01	7.295672e-01	1.729567e+00	1.017941e+00	7.109402e-01	7.109402e-01	-7.109402e-01	-7.109402e-01
8.389392009703442e-01	6.403628e-01	1.640363e+00	1.019242e+00	6.205182e-01	6.205182e-01	-6.205182e-01	-6.205182e-01
8.408923259703442e-01	5.415267e-01	1.541527e+00	1.020357e+00	5.206596e-01	5.206596e-01	-5.206596e-01	-5.206596e-01
8.428454509703442e-01	4.345455e-01	1.434546e+00	1.021270e+00	4.128666e-01	4.128666e-01	-4.128666e-01	-4.128666e-01
8.447985759703442e-01	3.210284e-01	1.321028e+00	1.021966e+00	2.987606e-01	2.987606e-01	-2.987606e-01	-2.987606e-01
8.467517009703442e-01	2.026826e-01	1.202683e+00	1.022434e+00	1.800582e-01	1.800582e-01	-1.800582e-01	-1.800582e-01
8.487048259703442e-01	8.128840e-02	1.081288e+00	1.022667e+00	5.854496e-02	5.854496e-02	-5.854496e-02	-5.854496e-02
8.496813884703442e-01	2.001762e-02	1.020018e+00	1.022694e+00	-2.695441e-03	-2.695441e-03	2.695441e-03	2.695441e-03
8.516345134703442e-01	-1.025191e-01	8.974809e-01	1.022569e+00	-1.249920e-01	-1.249920e-01	1.249920e-01	1.249920e-01
8.535876384703442e-01	-2.235138e-01	7.764862e-01	1.022207e+00	-2.455107e-01	-2.455107e-01	2.455107e-01	2.455107e-01
8.555407634703442e-01	-3.411466e-01	6.588534e-01	1.021613e+00	-3.624387e-01	-3.624387e-01	3.624387e-01	3.624387e-01
8.574938884703442e-01	-4.536483e-01	5.463517e-01	1.020795e+00	-4.740169e-01	-4.740169e-01	4.740169e-01	4.740169e-01
8.594470134703442e-01	-5.593267e-01	4.406733e-01	1.019767e+00	-5.785670e-01	-5.785670e-01	5.785670e-01	5.785670e-01
8.604235759703442e-01	-6.091058e-01	3.908942e-01	1.019178e+00	-6.277102e-01	-6.277102e-01	6.277102e-01	6.277102e-01
8.614001384703442e-01	-6.565923e-01	3.434077e-01	1.018542e+00	-6.745162e-01	-6.745162e-01	6.745162e-01	6.745162e-01
8.623767009703442e-01	-7.016076e-01	2.983924e-01	1.017861e+00	-7.188088e-01	-7.188088e-01	7.188088e-01	7.188088e-01
8.633532634703442e-01	-7.439821e-01	2.560178e-01	1.017139e+00	-7.604212e-01	-7.604212e-01	7.604212e-01	7.604212e-01
8.643298259703442e-01	-7.835566e-01	2.164434e-01	1.016377e+00	-7.991968e-01	-7.991968e-01	7.991968e-01	7.991968e-01
8.653063884703442e-01	-8.201818e-01	1.798182e-01	1.015580e+00	-8.349897e-01	-8.349897e-01	8.349897e-01	8.349897e-01
8.662829509703442e-01	-8.537201e-01	1.462799e-01	1.014748e+00	-8.676651e-01	-8.676651e-01	8.676651e-01	8.676651e-01
8.672595134703442e-01	-8.840452e-01	1.159548e-01	1.013887e+00	-8.970999e-01	-8.970999e-01	8.970999e-01	8.970999e-01
8.682360759703442e-01	-9.110429e-01	8.895709e-02	1.012998e+00	-9.231834e-01	-9.231834e-01	9.231834e-01	9.231834e-01
8.692126384703442e-01	-9.346117e-01	6.538833e-02	1.012085e+00	-9.458174e-01	-9.458174e-01	9.458174e-01	9.458174e-01
8.701892009703442e-01	-9.546628e-01	4.533723e-02	1.011152e+00	-9.649166e-01	-9.649166e-01	9.649166e-01	9.649166e-01
8.711657634703442e-01	-9.711207e-01	2.887926e-02	1.010202e+00	-9.804093e-01	-9.804093e-01	9.804093e-01	9.804093e-01
8.721423259703442e-01	-9.839236e-01	1.607637e-02	1.009239e+00	-9.922369e-01	-9.922369e-01	9.922369e-01	9.922369e-01
8.731188884703442e-01	-9.930233e-01	6.976751e-03	1.008266e+00	-1.000355e+00	-1.000355e+00	1.000355e+00	1.000355e+00
8.740954509703442e-01	-9.983854e-01	1.614645e-03	1.007287e+00	-1.004733e+00	-1.004733e+00	1.004733e+00	1.004733e+00
8.750720134703442e-01	-9.999897e-01	1.023662e-05	1.006306e+00	-1.005354e+00	-1.005354e+00	1.005354e+00	1.005354e+00
8.760485759703442e-01	-9.978305e-01	2.169564e-03	1.005325e+00	-1.002217e+00	-1.002217e+00	1.002217e+00	1.002217e+00
8.770251384703442e-01	-9.919155e-01	8.084499e-03	1.004350e+00	-9.953321e-01	-9.953321e-01	9.953321e-01	9.953321e-01
8.780017009703442e-01	-9.822672e-01	1.773278e-02	1.003383e+00	-9.847261e-01	-9.847261e-01	9.847261e-01	9.847261e-01
8.789782634703442e-01	-9.689219e-01	3.107809e-02	1.002428e+00	-9.704387e-01	-9.704387e-01	9.704387e-01	9.704387e-01
8.799548259703442e-01	-9.519298e-01	4.807021e-02	1.001490e+00	-9.525236e-01	-9.525236e-01	9.525236e-01	9.525236e-01
8.809313884703442e-01	-9.313548e-01	6.864518e-02	1.000570e+00	-9.310483e-01	-9.310483e-01	9.310483e-01	9.310483e-01
8.819079509703442e-01	-9.072744e-01	9.272555e-02	9.996728e-01	-9.060935e-01	-9.060935e-01	9.060935e-01	9.060935e-01
8.828845134703442e-01	-8.797793e-01	1.202207e-01	9.988018e-01	-8.777532e-01	-8.777532e-01	8.777532e-01	8.777532e-01
8.838610759703442e-01	-8.489729e-01	1.510271e-01	9.979600e-01	-8.461340e-01	-8.461340e-01	8.461340e-01	8.461340e-01
8.848376384703442e-01	-8.149711e-01	1.850289e-01	9.971507e-01	-8.113549e-01	-8.113549e-01	8.113549e-01	8.113549e-01
8.858142009703442e-01	-7.779019e-01	2.220981e-01	9.963768e-01	-7.735468e-01	-7.735468e-01	7.735468e-01	7.735468e-01
8.867907634703442e-01	-7.379049e-01	2.620951e-01	9.956412e-01	-7.328519e-01	-7.328519e-01	7.328519e-01	7.328519e-01
8.877673259703442e-01	-6.951306e-01	3.048694e-01	9.949468e-01	-6.894233e-01	-6.894233e-01	6.894233e-01	6.894233e-01
8.887438884703442e-01	-6.497400e-01	3.502600e-01	9.942960e-01	-6.434246e-01	-6.434246e-01	6.434246e-01	6.434246e-01
8.897204509703442e-01	-6.019039e-01	3.980961e-01	9.936913e-01	-5.950288e-01	-5.950288e-01	5.950288e-01	5.950288e-01
8.916735759703442e-01	-4.996240e-01	5.003760e-01	9.926289e-01	-4.917828e-01	-4.917828e-01	4.917828e-01	4.917828e-01
8.936267009703442e-01	-3.898293e-01	6.101707e-01	9.917756e-01	-3.812380e-01	-3.812380e-01	3.812380e-01	3.812380e-01
8.955798259703442e-01	-2.741711e-01	7.258288e-01	9.911439e-01	-2.650570e-01	-2.650570e-01	2.650570e-01	2.650570e-01
8.975329509703442e-01	-1.543892e-01	8.456107e-01	9.907431e-01	-1.449870e-01	-1.449870e-01	1.449870e-01	1.449870e-01
8.994860759703442e-01	-3.228519e-02	9.677148e-01	9.905790e-01	-2.283384e-02	-2.283384e-02	2.283384e-02	2.283384e-02
9.014392009703442e-01	9.030447e-02	1.090304e+00	9.906541e-01	9.956545e-02	9.956545e-02	-9.956545e-02	-9.956545e-02
9.033923259703442e-01	2.115359e-01	1.211536e+00	9.909668e-01	2.203700e-01	2.203700e-01	-2.203700e-01	-2.203700e-01
9.053454509703442e-01	3.295856e-01	1.329586e+00	9.915124e-01	3.377631e-01	3.377631e-01	-3.377631e-01	-3.377631e-01
9.072985759703442e-01	4.426780e-01	1.442678e+00	9.922824e-01	4.499791e-01	4.499791e-01	-4.499791e-01	-4.499791e-01
9.092517009703442e-01	5.491121e-01	1.549112e+00	9.932651e-01	5.553304e-01	5.553304e-01	-5.553304e-01	-5.553304e-01
9.112048259703442e-01	6.472871e-01	1.647287e+00	9.944454e-01	6.522326e-01	6.522326e-01	-6.522326e-01	-6.522326e-01
9.131579509703442e-01	7.357263e-01	1.735726e+00	9.958056e-01	7.392284e-01	7.392284e-01	-7.392284e-01	-7.392284e-01
9.151110759703442e-01	8.130995e-01	1.813100e+00	9.973249e-01	8.150095e-01	8.150095e-01	-8.150095e-01	-8.150095e-01
9.170642009703442e-01	8.782429e-01	1.878243e+00	9.989802e-01	8.784363e-01	8.784363e-01	-8.784363e-01	-8.784363e-01
9.190173259703442e-01	9.301767e-01	1.930177e+00	1.000746e+00	9.285550e-01	9.285550e-01	-9.285550e-01	-9.285550e-01
9.209704509703442e-01	9.681197e-01	1.968120e+00	1.002597e+00	9.646118e-01	9.646118e-01	-9.646118e-01	-9.646118e-01
9.229235759703442e-01	9.915015e-01	1.991501e+00	1.004504e+00	9.860647e-01	9.860647e-01	-9.860647e-01	-9.860647e-01
9.248767009703442e-01	9.999700e-01	1.999970e+00	1.006438e+00	9.925911e-01	9.925911e-01	-9.925911e-01	-9.925911e-01
9.268298259703442e-01	9.933981e-01	1.993398e+00	1.008370e+00	9.840932e-01	9.840932e-01	-9.840932e-01	-9.840932e-01
9.287829509703442e-01	9.718845e-01	1.971884e+00	1.010271e+00	9.606989e-01	9.606989e-01	-9.606989e-01	-9.606989e-01
9.307360759703442e-01	9.357529e-01	1.935753e+00	1.012112e+00	9.227602e-01	9.227602e-01	-9.227602e-01	-9.227602e-01
9.326892009703442e-01	8.855467e-01	1.885547e+00	1.013865e+00	8.708481e-01	8.708481e-01	-8.708481e-01	-8.708481e-01
9.346423259703442e-01	8.220211e-01	1.822021e+00	1.015504e+00	8.057433e-01	8.057433e-01	-8.057433e-01	-8.057433e-01
9.365954509703442e-01	7.461315e-01	1.746131e+00	1.017004e+00	7.284255e-01	7.284255e-01	-7.284255e-01	-7.284255e-01
9.385485759703442e-01	6.590194e-01	1.659019e+00	1.018342e+00	6.400577e-01	6.400577e-01	-6.400577e-01	-6.400577e-01
9.405017009703442e-01	5.619950e-01	1.561995e+00	1.019497e+00	5.419692e-01	5.419692e-01	-5.419692e-01	-5.419692e-01
9.424548259703442e-01	4.565177e-01	1.456518e+00	1.020453e+00	4.356355e-01	4.356355e-01	-4.356355e-01	-4.356355e-01
9.444079509703442e-01	3.441739e-01	1.344174e+00	1.021194e+00	3.226562e-01	3.226562e-01	-3.226562e-01	-3.226562e-01
9.463610759703442e-01	2.266535e-01	1.226653e+00	1.021709e+00	2.047308e-01	2.047308e-01	-2.047308e-01	-2.047308e-01
9.483142009703442e-01	1.057239e-01	1.105724e+00	1.021991e+00	8.363320e-02	8.363320e-02	-8.363320e-02	-8.363320e-02
9.512438884703442e-01	-7.807627e-02	9.219237e-01	1.021967e+00	-9.997011e-02	-9.997011e-02	9.997011e-02	9.997011e-02
9.531970134703442e-01	-1.995261e-01	8.004739e-01	1.021654e+00	-2.209919e-01	-2.209919e-01	2.209919e-01	2.209919e-01
9.551501384703442e-01	-3.179749e-01	6.820251e-01	1.021106e+00	-3.387821e-01	-3.387821e-01	3.387821e-01	3.387821e-01
9.571032634703442e-01	-4.316410e-01	5.683590e-01	1.020334e+00	-4.515688e-01	-4.515688e-01	4.515688e-01	4.515688e-01
9.590563884703442e-01	-5.388149e-01	4.611851e-01	1.019347e+00	-5.576553e-01	-5.576553e-01	5.576553e-01	5.576553e-01
9.600329509703442e-01	-5.894589e-01	4.105411e-01	1.018778e+00	-6.076827e-01	-6.076827e-01	6.076827e-01	6.076827e-01
9.610095134703442e-01	-6.378844e-01	3.621156e-01	1.018162e+00	-6.554458e-01	-6.554458e-01	6.554458e-01	6.554458e-01
9.619860759703442e-01	-6.839091e-01	3.160909e-01	1.017499e+00	-7.007650e-01	-7.007650e-01	7.007650e-01	7.007650e-01
9.629626384703442e-01	-7.273597e-01	2.726403e-01	1.016794e+00	-7.434694e-01	-7.434694e-01	7.434694e-01	7.434694e-01
9.639392009703442e-01	-7.680726e-01	2.319274e-01	1.016049e+00	-7.833985e-01	-7.833985e-01	7.833985e-01	7.833985e-01
9.649157634703442e-01	-8.058947e-01	1.941053e-01	1.015266e+00	-8.204019e-01	-8.204019e-01	8.204019e-01	8.204019e-01
9.658923259703442e-01	-8.406836e-01	1.593164e-01	1.014448e+00	-8.543404e-01	-8.543404e-01	8.543404e-01	8.543404e-01
9.668688884703442e-01	-8.723083e-01	1.276917e-01	1.013598e+00	-8.850860e-01	-8.850860e-01	8.850860e-01	8.850860e-01
9.678454509703442e-01	-9.006499e-01	9.935012e-02	1.012721e+00	-9.125232e-01	-9.125232e-01	9.125232e-01	9.125232e-01
9.688220134703442e-01	-9.256016e-01	7.439839e-02	1.011818e+00	-9.365486e-01	-9.365486e-01	9.365486e-01	9.365486e-01
9.697985759703442e-01	-9.470696e-01	5.293041e-02	1.010893e+00	-9.570717e-01	-9.570717e-01	9.570717e-01	9.570717e-01
9.707751384703442e-01	-9.649730e-01	3.502700e-02	1.009950e+00	-9.740154e-01	-9.740154e-01	9.740154e-01	9.740154e-01
9.717517009703442e-01	-9.792445e-01	2.075552e-02	1.008993e+00	-9.873157e-01	-9.873157e-01	9.873157e-01	9.873157e-01
9.727282634703442e-01	-9.898303e-01	1.016970e-02	1.008024e+00	-9.969227e-01	-9.969227e-01	9.969227e-01	9.969227e-01
9.737048259703442e-01	-9.966906e-01	3.309377e-03	1.007047e+00	-1.002800e+00	-1.002800e+00	1.002800e+00	1.002800e+00
9.746813884703442e-01	-9.997996e-01	2.003725e-04	1.006067e+00	-1.004926e+00	-1.004926e+00	1.004926e+00	1.004926e+00
9.756579509703442e-01	-9.991456e-01	8.543876e-04	1.005086e+00	-1.003292e+00	-1.003292e+00	1.003292e+00	1.003292e+00
9.766345134703442e-01	-9.947310e-01	5.268961e-03	1.004109e+00	-9.979044e-01	-9.979044e-01	9.979044e-01	9.979044e-01
9.776110759703442e-01	-9.865725e-01	1.342748e-02	1.003139e+00	-9.887835e-01	-9.887835e-01	9.887835e-01	9.887835e-01
9.785876384703442e-01	-9.747007e-01	2.529923e-02	1.002180e+00	-9.759635e-01	-9.759635e-01	9.759635e-01	9.759635e-01
9.795642009703442e-01	-9.591604e-01	4.083954e-02	1.001235e+00	-9.594928e-01	-9.594928e-01	9.594928e-01	9.594928e-01
9.805407634703442e-01	-9.400101e-01	5.998991e-02	1.000308e+00	-9.394332e-01	-9.394332e-01	9.394332e-01	9.394332e-01
9.815173259703442e-01	-9.173217e-01	8.267827e-02	9.994017e-01	-9.158603e-01	-9.158603e-01	9.158603e-01	9.158603e-01
9.824938884703442e-01	-8.911808e-01	1.088192e-01	9.985205e-01	-8.888628e-01	-8.888628e-01	8.888628e-01	8.888628e-01
9.834704509703442e-01	-8.616856e-01	1.383144e-01	9.976673e-01	-8.585421e-01	-8.585421e-01	8.585421e-01	8.585421e-01
9.844470134703442e-01	-8.289473e-01	1.710527e-01	9.968452e-01	-8.250126e-01	-8.250126e-01	8.250126e-01	8.250126e-01
9.854235759703442e-01	-7.930890e-01	2.069110e-01	9.960575e-01	-7.884002e-01	-7.884002e-01	7.884002e-01	7.884002e-01
9.864001384703442e-01	-7.542456e-01	2.457543e-01	9.953068e-01	-7.488428e-01	-7.488428e-01	7.488428e-01	7.488428e-01
9.873767009703442e-01	-7.125635e-01	2.874365e-01	9.945962e-01	-7.064893e-01	-7.064893e-01	7.064893e-01	7.064893e-01
9.883532634703442e-01	-6.681995e-01	3.318005e-01	9.939283e-01	-6.614990e-01	-6.614990e-01	6.614990e-01	6.614990e-01
9.893298259703442e-01	-6.213205e-01	3.786795e-01	9.933054e-01	-6.140413e-01	-6.140413e-01	6.140413e-01	6.140413e-01
9.912829509703442e-01	-5.207322e-01	4.792678e-01	9.922043e-01	-5.124465e-01	-5.124465e-01	5.124465e-01	5.124465e-01
9.932360759703442e-01	-4.123116e-01	5.876884e-01	9.913093e-01	-4.032329e-01	-4.032329e-01	4.032329e-01	4.032329e-01
9.951892009703442e-01	-2.976894e-01	7.023106e-01	9.906336e-01	-2.880429e-01	-2.880429e-01	2.880429e-01	2.880429e-01
9.971423259703442e-01	-1.785897e-01	8.214102e-01	9.901872e-01	-1.686089e-01	-1.686089e-01	1.686089e-01	1.686089e-01
9.990954509703442e-01	-5.680390e-02	9.431961e-01	9.899756e-01	-4.672873e-02	-4.672873e-02	4.672873e-02	4.672873e-02
1.000000000000000e+00	-2.449294e-15	1.000000e+00	9.899452e-01	1.005481e-02	1.005481e-02	-1.005481e-02	-1.005481e-02
