time	V(n002)	V(n001)	V(n003)	I(C1)	I(L1)	I(V2)	I(V1)
0.000000000000000e+00	0.000000e+00	1.000000e+00	1.000000e+00	1.000000e-12	1.110223e-12	-1.136868e-12	-1.136868e-12
4.571428442139744e-09	2.872313e-07	1.000000e+00	1.000000e+00	2.096519e-10	1.111082e-12	-1.121381e-12	-1.121381e-12
9.142856884279487e-09	5.744626e-07	1.000001e+00	1.000000e+00	7.034951e-10	1.113572e-12	-1.111705e-12	-1.111705e-12
1.371428532641923e-08	8.616940e-07	1.000001e+00	1.000000e+00	1.482530e-09	1.117694e-12	-1.107841e-12	-1.107841e-12
1.828571376855897e-08	1.148925e-06	1.000001e+00	1.000000e+00	2.546755e-09	1.123448e-12	-1.109788e-12	-1.109788e-12
2.285714221069872e-08	1.436157e-06	1.000001e+00	1.000000e+00	3.896173e-09	1.130834e-12	-1.117547e-12	-1.117547e-12
2.742857065283846e-08	1.723388e-06	1.000002e+00	1.000000e+00	5.530781e-09	1.139851e-12	-1.131118e-12	-1.131118e-12
3.199999909497819e-08	2.010619e-06	1.000002e+00	1.000000e+00	7.450581e-09	1.150500e-12	-1.150500e-12	-1.150500e-12
1.279999963799128e-07	8.042477e-06	1.000008e+00	1.000000e+00	-1.241763e-09	1.753692e-12	-1.753692e-12	-1.753692e-12
2.559999927598255e-07	1.608495e-05	1.000016e+00	1.000000e+00	6.208817e-10	3.683894e-12	-3.683894e-12	-3.683894e-12
7.511771216124026e-05	4.719930e-03	1.004720e+00	1.000000e+00	2.219390e-07	2.217187e-07	-2.217187e-07	-2.217187e-07
1.499794243297207e-04	9.423443e-03	1.009423e+00	1.000000e+00	8.833329e-07	8.834067e-07	-8.834067e-07	-8.834067e-07
2.248411364982011e-04	1.412662e-02	1.014127e+00	1.000000e+00	1.984803e-06	1.985068e-06	-1.985068e-06	-1.985068e-06
2.997028486666816e-04	1.882947e-02	1.018829e+00	1.000000e+00	3.526348e-06	3.526702e-06	-3.526702e-06	-3.526702e-06
3.745645608351620e-04	2.353199e-02	1.023532e+00	1.000000e+00	5.507970e-06	5.508308e-06	-5.508308e-06	-5.508308e-06
4.494262730036424e-04	2.823418e-02	1.028234e+00	1.000000e+00	7.929667e-06	7.929888e-06	-7.929888e-06	-7.929888e-06
5.242879851721227e-04	3.293603e-02	1.032936e+00	1.000000e+00	1.079144e-05	1.079144e-05	-1.079144e-05	-1.079144e-05
1.048575970344245e-03	6.583632e-02	1.065836e+00	1.000000e+00	4.254088e-05	4.254088e-05	-4.254088e-05	-4.254088e-05
2.025138470344245e-03	1.269001e-01	1.126900e+00	1.000000e+00	1.434864e-04	1.434864e-04	-1.434864e-04	-1.434864e-04
3.001700970344245e-03	1.874863e-01	1.187486e+00	1.000000e+00	2.968505e-04	2.968505e-04	-2.968505e-04	-2.968505e-04
3.978263470344245e-03	2.473668e-01	1.247367e+00	1.000001e+00	5.089804e-04	5.089804e-04	-5.089804e-04	-5.089804e-04
4.954825970344245e-03	3.063163e-01	1.306316e+00	1.000001e+00	7.790775e-04	7.790775e-04	-7.790775e-04	-7.790775e-04
5.931388470344245e-03	3.641129e-01	1.364113e+00	1.000002e+00	1.106125e-03	1.106125e-03	-1.106125e-03	-1.106125e-03
6.907950970344245e-03	4.205390e-01	1.420539e+00	1.000004e+00	1.488891e-03	1.488891e-03	-1.488891e-03	-1.488891e-03
7.884513470344245e-03	4.753824e-01	1.475382e+00	1.000005e+00	1.925935e-03	1.925935e-03	-1.925935e-03	-1.925935e-03
8.861075970344245e-03	5.284365e-01	1.528436e+00	1.000007e+00	2.415611e-03	2.415611e-03	-2.415611e-03	-2.415611e-03
9.837638470344245e-03	5.795016e-01	1.579502e+00	1.000010e+00	2.956077e-03	2.956077e-03	-2.956077e-03	-2.956077e-03
1.081420097034425e-02	6.283857e-01	1.628386e+00	1.000013e+00	3.545296e-03	3.545296e-03	-3.545296e-03	-3.545296e-03
1.179076347034425e-02	6.749047e-01	1.674905e+00	1.000017e+00	4.181051e-03	4.181051e-03	-4.181051e-03	-4.181051e-03
1.276732597034425e-02	7.188835e-01	1.718884e+00	1.000021e+00	4.860948e-03	4.860948e-03	-4.860948e-03	-4.860948e-03
1.374388847034425e-02	7.601565e-01	1.760157e+00	1.000026e+00	5.582428e-03	5.582428e-03	-5.582428e-03	-5.582428e-03
1.472045097034425e-02	7.985685e-01	1.798568e+00	1.000032e+00	6.342773e-03	6.342773e-03	-6.342773e-03	-6.342773e-03
1.667357597034425e-02	8.662424e-01	1.866242e+00	1.000046e+00	7.968477e-03	7.968477e-03	-7.968477e-03	-7.968477e-03
1.862670097034425e-02	9.208872e-01	1.920887e+00	1.000063e+00	9.713598e-03	9.713598e-03	-9.713598e-03	-9.713598e-03
2.057982597034425e-02	9.616809e-01	1.961681e+00	1.000084e+00	1.155188e-02	1.155188e-02	-1.155188e-02	-1.155188e-02
2.253295097034425e-02	9.880101e-01	1.988010e+00	1.000109e+00	1.345566e-02	1.345566e-02	-1.345566e-02	-1.345566e-02
2.448607597034425e-02	9.994787e-01	1.999479e+00	1.000137e+00	1.539631e-02	1.539631e-02	-1.539631e-02	-1.539631e-02
2.643920097034425e-02	9.959142e-01	1.995914e+00	1.000169e+00	1.734461e-02	1.734461e-02	-1.734461e-02	-1.734461e-02
2.839232597034425e-02	9.773703e-01	1.977370e+00	1.000205e+00	1.927124e-02	1.927124e-02	-1.927124e-02	-1.927124e-02
3.034545097034425e-02	9.441257e-01	1.944126e+00	1.000244e+00	2.114723e-02	2.114723e-02	-2.114723e-02	-2.114723e-02
3.229857597034425e-02	8.966807e-01	1.896681e+00	1.000287e+00	2.294433e-02	2.294433e-02	-2.294433e-02	-2.294433e-02
3.425170097034425e-02	8.357487e-01	1.835749e+00	1.000334e+00	2.463550e-02	2.463550e-02	-2.463550e-02	-2.463550e-02
3.620482597034425e-02	7.622463e-01	1.762246e+00	1.000383e+00	2.619530e-02	2.619530e-02	-2.619530e-02	-2.619530e-02
3.815795097034425e-02	6.772790e-01	1.677279e+00	1.000436e+00	2.760023e-02	2.760023e-02	-2.760023e-02	-2.760023e-02
4.011107597034425e-02	5.821248e-01	1.582125e+00	1.000491e+00	2.882916e-02	2.882916e-02	-2.882916e-02	-2.882916e-02
4.206420097034425e-02	4.782149e-01	1.478215e+00	1.000548e+00	2.986358e-02	2.986358e-02	-2.986358e-02	-2.986358e-02
4.401732597034425e-02	3.671122e-01	1.367112e+00	1.000607e+00	3.068791e-02	3.068791e-02	-3.068791e-02	-3.068791e-02
4.597045097034425e-02	2.504877e-01	1.250488e+00	1.000668e+00	3.128973e-02	3.128973e-02	-3.128973e-02	-3.128973e-02
4.792357597034425e-02	1.300958e-01	1.130096e+00	1.000729e+00	3.165996e-02	3.165996e-02	-3.165996e-02	-3.165996e-02
4.987670097034425e-02	7.747029e-03	1.007747e+00	1.000791e+00	3.179303e-02	3.179303e-02	-3.179303e-02	-3.179303e-02
5.182982597034425e-02	-1.147182e-01	8.852817e-01	1.000854e+00	3.168690e-02	3.168690e-02	-3.168690e-02	-3.168690e-02
5.378295097034425e-02	-2.354580e-01	7.645420e-01	1.000915e+00	3.134314e-02	3.134314e-02	-3.134314e-02	-3.134314e-02
5.573607597034425e-02	-3.526563e-01	6.473437e-01	1.000976e+00	3.076690e-02	3.076690e-02	-3.076690e-02	-3.076690e-02
5.768920097034425e-02	-4.645503e-01	5.354497e-01	1.001035e+00	2.996682e-02	2.996682e-02	-2.996682e-02	-2.996682e-02
5.964232597034425e-02	-5.694571e-01	4.305429e-01	1.001093e+00	2.895491e-02	2.895491e-02	-2.895491e-02	-2.895491e-02
6.061888847034425e-02	-6.187924e-01	3.812076e-01	1.001121e+00	2.837415e-02	2.837415e-02	-2.837415e-02	-2.837415e-02
6.159545097034425e-02	-6.657986e-01	3.342014e-01	1.001148e+00	2.774636e-02	2.774636e-02	-2.774636e-02	-2.774636e-02
6.257201347034425e-02	-7.102990e-01	2.897010e-01	1.001175e+00	2.707391e-02	2.707391e-02	-2.707391e-02	-2.707391e-02
6.354857597034425e-02	-7.521260e-01	2.478740e-01	1.001201e+00	2.635932e-02	2.635932e-02	-2.635932e-02	-2.635932e-02
6.452513847034425e-02	-7.911221e-01	2.088779e-01	1.001226e+00	2.560528e-02	2.560528e-02	-2.560528e-02	-2.560528e-02
6.550170097034425e-02	-8.271406e-01	1.728594e-01	1.001251e+00	2.481463e-02	2.481463e-02	-2.481463e-02	-2.481463e-02
6.647826347034425e-02	-8.600460e-01	1.399540e-01	1.001275e+00	2.399032e-02	2.399032e-02	-2.399032e-02	-2.399032e-02
6.745482597034425e-02	-8.897144e-01	1.102857e-01	1.001298e+00	2.313547e-02	2.313547e-02	-2.313547e-02	-2.313547e-02
6.843138847034425e-02	-9.160340e-01	8.396599e-02	1.001320e+00	2.225329e-02	2.225329e-02	-2.225329e-02	-2.225329e-02
6.940795097034425e-02	-9.389059e-01	6.109409e-02	1.001341e+00	2.134709e-02	2.134709e-02	-2.134709e-02	-2.134709e-02
7.038451347034425e-02	-9.582440e-01	4.175600e-02	1.001362e+00	2.042028e-02	2.042028e-02	-2.042028e-02	-2.042028e-02
7.136107597034425e-02	-9.739755e-01	2.602453e-02	1.001381e+00	1.947634e-02	1.947634e-02	-1.947634e-02	-1.947634e-02
7.233763847034425e-02	-9.860411e-01	1.395889e-02	1.001400e+00	1.851882e-02	1.851882e-02	-1.851882e-02	-1.851882e-02
7.331420097034425e-02	-9.943955e-01	5.604479e-03	1.001417e+00	1.755133e-02	1.755133e-02	-1.755133e-02	-1.755133e-02
7.429076347034425e-02	-9.990072e-01	9.927504e-04	1.001434e+00	1.657750e-02	1.657750e-02	-1.657750e-02	-1.657750e-02
7.526732597034425e-02	-9.998589e-01	1.410593e-04	1.001450e+00	1.560098e-02	1.560098e-02	-1.560098e-02	-1.560098e-02
7.624388847034425e-02	-9.969474e-01	3.052612e-03	1.001464e+00	1.462546e-02	1.462546e-02	-1.462546e-02	-1.462546e-02
7.722045097034425e-02	-9.902835e-01	9.716448e-03	1.001478e+00	1.365459e-02	1.365459e-02	-1.365459e-02	-1.365459e-02
7.819701347034425e-02	-9.798925e-01	2.010749e-02	1.001491e+00	1.269204e-02	1.269204e-02	-1.269204e-02	-1.269204e-02
7.917357597034425e-02	-9.658134e-01	3.418662e-02	1.001503e+00	1.174140e-02	1.174140e-02	-1.174140e-02	-1.174140e-02
8.015013847034425e-02	-9.480991e-01	5.190086e-02	1.001514e+00	1.080627e-02	1.080627e-02	-1.080627e-02	-1.080627e-02
8.112670097034425e-02	-9.268165e-01	7.318353e-02	1.001524e+00	9.890153e-03	9.890153e-03	-9.890153e-03	-9.890153e-03
8.210326347034425e-02	-9.020455e-01	9.795453e-02	1.001533e+00	8.996492e-03	8.996492e-03	-8.996492e-03	-8.996492e-03
8.307982597034425e-02	-8.738794e-01	1.261206e-01	1.001542e+00	8.128648e-03	8.128648e-03	-8.128648e-03	-8.128648e-03
8.405638847034425e-02	-8.424242e-01	1.575758e-01	1.001549e+00	7.289881e-03	7.289881e-03	-7.289881e-03	-7.289881e-03
8.503295097034425e-02	-8.077983e-01	1.922017e-01	1.001556e+00	6.483343e-03	6.483343e-03	-6.483343e-03	-6.483343e-03
8.600951347034425e-02	-7.701321e-01	2.298679e-01	1.001562e+00	5.712066e-03	5.712066e-03	-5.712066e-03	-5.712066e-03
8.698607597034425e-02	-7.295672e-01	2.704328e-01	1.001567e+00	4.978947e-03	4.978947e-03	-4.978947e-03	-4.978947e-03
8.796263847034425e-02	-6.862565e-01	3.137435e-01	1.001572e+00	4.286740e-03	4.286740e-03	-4.286740e-03	-4.286740e-03
8.893920097034425e-02	-6.403628e-01	3.596372e-01	1.001575e+00	3.638046e-03	3.638046e-03	-3.638046e-03	-3.638046e-03
8.991576347034425e-02	-5.920589e-01	4.079411e-01	1.001579e+00	3.035300e-03	3.035300e-03	-3.035300e-03	-3.035300e-03
9.089232597034425e-02	-5.415267e-01	4.584733e-01	1.001581e+00	2.480767e-03	2.480767e-03	-2.480767e-03	-2.480767e-03
9.186888847034425e-02	-4.889562e-01	5.110437e-01	1.001584e+00	1.976527e-03	1.976527e-03	-1.976527e-03	-1.976527e-03
9.284545097034425e-02	-4.345455e-01	5.654545e-01	1.001585e+00	1.524474e-03	1.524474e-03	-1.524474e-03	-1.524474e-03
9.382201347034425e-02	-3.784992e-01	6.215008e-01	1.001587e+00	1.126303e-03	1.126303e-03	-1.126303e-03	-1.126303e-03
9.479857597034425e-02	-3.210284e-01	6.789716e-01	1.001588e+00	7.835074e-04	7.835074e-04	-7.835074e-04	-7.835074e-04
9.577513847034425e-02	-2.623492e-01	7.376508e-01	1.001588e+00	4.973718e-04	4.973718e-04	-4.973718e-04	-4.973718e-04
9.675170097034425e-02	-2.026826e-01	7.973174e-01	1.001589e+00	2.689676e-04	2.689676e-04	-2.689676e-04	-2.689676e-04
9.772826347034425e-02	-1.422532e-01	8.577468e-01	1.001589e+00	9.914881e-05	9.914881e-05	-9.914881e-05	-9.914881e-05
9.870482597034425e-02	-8.128840e-02	9.187116e-01	1.001589e+00	-1.145123e-05	-1.145123e-05	1.145123e-05	1.145123e-05
9.968138847034425e-02	-2.001762e-02	9.799824e-01	1.001589e+00	-6.242199e-05	-6.242199e-05	6.242199e-05	6.242199e-05
1.006579509703442e-01	4.132850e-02	1.041329e+00	1.001589e+00	-5.357749e-05	-5.357749e-05	5.357749e-05	5.357749e-05
1.016345134703442e-01	1.025191e-01	1.102519e+00	1.001589e+00	1.504308e-05	1.504308e-05	-1.504308e-05	-1.504308e-05
1.026110759703442e-01	1.633238e-01	1.163324e+00	1.001589e+00	1.431755e-04	1.431755e-04	-1.431755e-04	-1.431755e-04
1.035876384703442e-01	2.235138e-01	1.223514e+00	1.001589e+00	3.303314e-04	3.303314e-04	-3.303314e-04	-3.303314e-04
1.045642009703442e-01	2.828625e-01	1.282863e+00	1.001589e+00	5.758004e-04	5.758004e-04	-5.758004e-04	-5.758004e-04
1.055407634703442e-01	3.411466e-01	1.341147e+00	1.001590e+00	8.786525e-04	8.786525e-04	-8.786525e-04	-8.786525e-04
1.065173259703442e-01	3.981467e-01	1.398147e+00	1.001591e+00	1.237742e-03	1.237742e-03	-1.237742e-03	-1.237742e-03
1.074938884703442e-01	4.536483e-01	1.453648e+00	1.001593e+00	1.651710e-03	1.651710e-03	-1.651710e-03	-1.651710e-03
1.084704509703442e-01	5.074425e-01	1.507442e+00	1.001594e+00	2.118993e-03	2.118993e-03	-2.118993e-03	-2.118993e-03
1.094470134703442e-01	5.593267e-01	1.559327e+00	1.001597e+00	2.637826e-03	2.637826e-03	-2.637826e-03	-2.637826e-03
1.104235759703442e-01	6.091058e-01	1.609106e+00	1.001600e+00	3.206249e-03	3.206249e-03	-3.206249e-03	-3.206249e-03
1.114001384703442e-01	6.565923e-01	1.656592e+00	1.001603e+00	3.822117e-03	3.822117e-03	-3.822117e-03	-3.822117e-03
1.123767009703442e-01	7.016076e-01	1.701608e+00	1.001607e+00	4.483105e-03	4.483105e-03	-4.483105e-03	-4.483105e-03
1.133532634703442e-01	7.439821e-01	1.743982e+00	1.001612e+00	5.186718e-03	5.186718e-03	-5.186718e-03	-5.186718e-03
1.143298259703442e-01	7.835566e-01	1.783557e+00	1.001617e+00	5.930303e-03	5.930303e-03	-5.930303e-03	-5.930303e-03
1.153063884703442e-01	8.201818e-01	1.820182e+00	1.001623e+00	6.711053e-03	6.711053e-03	-6.711053e-03	-6.711053e-03
1.172595134703442e-01	8.840452e-01	1.884045e+00	1.001638e+00	8.372139e-03	8.372139e-03	-8.372139e-03	-8.372139e-03
1.192126384703442e-01	9.346117e-01	1.934612e+00	1.001656e+00	1.014494e-02	1.014494e-02	-1.014494e-02	-1.014494e-02
1.211657634703442e-01	9.711207e-01	1.971121e+00	1.001678e+00	1.200273e-02	1.200273e-02	-1.200273e-02	-1.200273e-02
1.231188884703442e-01	9.930233e-01	1.993023e+00	1.001703e+00	1.391752e-02	1.391752e-02	-1.391752e-02	-1.391752e-02
1.250720134703442e-01	9.999897e-01	1.999990e+00	1.001732e+00	1.586043e-02	1.586043e-02	-1.586043e-02	-1.586043e-02
1.270251384703442e-01	9.919155e-01	1.991915e+00	1.001765e+00	1.780221e-02	1.780221e-02	-1.780221e-02	-1.780221e-02
1.289782634703442e-01	9.689219e-01	1.968922e+00	1.001802e+00	1.971357e-02	1.971357e-02	-1.971357e-02	-1.971357e-02
1.309313884703442e-01	9.313548e-01	1.931355e+00	1.001842e+00	2.156571e-02	2.156571e-02	-2.156571e-02	-2.156571e-02
1.328845134703442e-01	8.797793e-01	1.879779e+00	1.001886e+00	2.333072e-02	2.333072e-02	-2.333072e-02	-2.333072e-02
1.348376384703442e-01	8.149711e-01	1.814971e+00	1.001933e+00	2.498197e-02	2.498197e-02	-2.498197e-02	-2.498197e-02
1.367907634703442e-01	7.379049e-01	1.737905e+00	1.001983e+00	2.649458e-02	2.649458e-02	-2.649458e-02	-2.649458e-02
1.387438884703442e-01	6.497400e-01	1.649740e+00	1.002036e+00	2.784573e-02	2.784573e-02	-2.784573e-02	-2.784573e-02
1.406970134703442e-01	5.518024e-01	1.551802e+00	1.002092e+00	2.901502e-02	2.901502e-02	-2.901502e-02	-2.901502e-02
1.426501384703442e-01	4.455651e-01	1.445565e+00	1.002150e+00	2.998481e-02	2.998481e-02	-2.998481e-02	-2.998481e-02
1.446032634703442e-01	3.326262e-01	1.332626e+00	1.002209e+00	3.074045e-02	3.074045e-02	-3.074045e-02	-3.074045e-02
1.465563884703442e-01	2.146842e-01	1.214684e+00	1.002270e+00	3.127050e-02	3.127050e-02	-3.127050e-02	-3.127050e-02
1.485095134703442e-01	9.351320e-02	1.093513e+00	1.002331e+00	3.156692e-02	3.156692e-02	-3.156692e-02	-3.156692e-02
1.514392009703442e-01	-9.030447e-02	9.096955e-01	1.002424e+00	3.156457e-02	3.156457e-02	-3.156457e-02	-3.156457e-02
1.533923259703442e-01	-2.115359e-01	7.884641e-01	1.002485e+00	3.126495e-02	3.126495e-02	-3.126495e-02	-3.126495e-02
1.553454509703442e-01	-3.295856e-01	6.704144e-01	1.002545e+00	3.073154e-02	3.073154e-02	-3.073154e-02	-3.073154e-02
1.572985759703442e-01	-4.426780e-01	5.573220e-01	1.002605e+00	2.997228e-02	2.997228e-02	-2.997228e-02	-2.997228e-02
1.592517009703442e-01	-5.491121e-01	4.508879e-01	1.002662e+00	2.899854e-02	2.899854e-02	-2.899854e-02	-2.899854e-02
1.602282634703442e-01	-5.993275e-01	4.006725e-01	1.002691e+00	2.843566e-02	2.843566e-02	-2.843566e-02	-2.843566e-02
1.612048259703442e-01	-6.472871e-01	3.527129e-01	1.002718e+00	2.782487e-02	2.782487e-02	-2.782487e-02	-2.782487e-02
1.621813884703442e-01	-6.928105e-01	3.071895e-01	1.002745e+00	2.716844e-02	2.716844e-02	-2.716844e-02	-2.716844e-02
1.631579509703442e-01	-7.357263e-01	2.642737e-01	1.002771e+00	2.646885e-02	2.646885e-02	-2.646885e-02	-2.646885e-02
1.641345134703442e-01	-7.758730e-01	2.241270e-01	1.002796e+00	2.572872e-02	2.572872e-02	-2.572872e-02	-2.572872e-02
1.651110759703442e-01	-8.130995e-01	1.869005e-01	1.002821e+00	2.495081e-02	2.495081e-02	-2.495081e-02	-2.495081e-02
1.660876384703442e-01	-8.472657e-01	1.527344e-01	1.002845e+00	2.413806e-02	2.413806e-02	-2.413806e-02	-2.413806e-02
1.670642009703442e-01	-8.782429e-01	1.217571e-01	1.002868e+00	2.329351e-02	2.329351e-02	-2.329351e-02	-2.329351e-02
1.680407634703442e-01	-9.059146e-01	9.408540e-02	1.002891e+00	2.242032e-02	2.242032e-02	-2.242032e-02	-2.242032e-02
1.690173259703442e-01	-9.301767e-01	6.982332e-02	1.002912e+00	2.152178e-02	2.152178e-02	-2.152178e-02	-2.152178e-02
1.699938884703442e-01	-9.509378e-01	4.906221e-02	1.002933e+00	2.060126e-02	2.060126e-02	-2.060126e-02	-2.060126e-02
1.709704509703442e-01	-9.681197e-01	3.188023e-02	1.002952e+00	1.966221e-02	1.966221e-02	-1.966221e-02	-1.966221e-02
1.719470134703442e-01	-9.816580e-01	1.834203e-02	1.002971e+00	1.870815e-02	1.870815e-02	-1.870815e-02	-1.870815e-02
1.729235759703442e-01	-9.915015e-01	8.498567e-03	1.002989e+00	1.774267e-02	1.774267e-02	-1.774267e-02	-1.774267e-02
1.739001384703442e-01	-9.976131e-01	2.386893e-03	1.003006e+00	1.676940e-02	1.676940e-02	-1.676940e-02	-1.676940e-02
1.748767009703442e-01	-9.999700e-01	3.000868e-05	1.003022e+00	1.579197e-02	1.579197e-02	-1.579197e-02	-1.579197e-02
1.758532634703442e-01	-9.985632e-01	1.436786e-03	1.003037e+00	1.481407e-02	1.481407e-02	-1.481407e-02	-1.481407e-02
1.768298259703442e-01	-9.933981e-01	6.601929e-03	1.003051e+00	1.383936e-02	1.383936e-02	-1.383936e-02	-1.383936e-02
1.778063884703442e-01	-9.844940e-01	1.550600e-02	1.003064e+00	1.287151e-02	1.287151e-02	-1.287151e-02	-1.287151e-02
1.787829509703442e-01	-9.718845e-01	2.811548e-02	1.003076e+00	1.191413e-02	1.191413e-02	-1.191413e-02	-1.191413e-02
1.797595134703442e-01	-9.556171e-01	4.438292e-02	1.003087e+00	1.097083e-02	1.097083e-02	-1.097083e-02	-1.097083e-02
1.807360759703442e-01	-9.357529e-01	6.424708e-02	1.003097e+00	1.004515e-02	1.004515e-02	-1.004515e-02	-1.004515e-02
1.817126384703442e-01	-9.123668e-01	8.763321e-02	1.003106e+00	9.140560e-03	9.140560e-03	-9.140560e-03	-9.140560e-03
1.826892009703442e-01	-8.855467e-01	1.144533e-01	1.003115e+00	8.260453e-03	8.260453e-03	-8.260453e-03	-8.260453e-03
1.836657634703442e-01	-8.553936e-01	1.446063e-01	1.003123e+00	7.408131e-03	7.408131e-03	-7.408131e-03	-7.408131e-03
1.846423259703442e-01	-8.220211e-01	1.779789e-01	1.003129e+00	6.586792e-03	6.586792e-03	-6.586792e-03	-6.586792e-03
1.856188884703442e-01	-7.855546e-01	2.144454e-01	1.003136e+00	5.799516e-03	5.799516e-03	-5.799516e-03	-5.799516e-03
1.865954509703442e-01	-7.461315e-01	2.538685e-01	1.003141e+00	5.049257e-03	5.049257e-03	-5.049257e-03	-5.049257e-03
1.875720134703442e-01	-7.039001e-01	2.960999e-01	1.003145e+00	4.338825e-03	4.338825e-03	-4.338825e-03	-4.338825e-03
1.885485759703442e-01	-6.590194e-01	3.409806e-01	1.003149e+00	3.670886e-03	3.670886e-03	-3.670886e-03	-3.670886e-03
1.895251384703442e-01	-6.116582e-01	3.883418e-01	1.003153e+00	3.047941e-03	3.047941e-03	-3.047941e-03	-3.047941e-03
1.905017009703442e-01	-5.619950e-01	4.380050e-01	1.003155e+00	2.472325e-03	2.472325e-03	-2.472325e-03	-2.472325e-03
1.914782634703442e-01	-5.102165e-01	4.897835e-01	1.003157e+00	1.946192e-03	1.946192e-03	-1.946192e-03	-1.946192e-03
1.924548259703442e-01	-4.565177e-01	5.434823e-01	1.003159e+00	1.471512e-03	1.471512e-03	-1.471512e-03	-1.471512e-03
1.934313884703442e-01	-4.011006e-01	5.988994e-01	1.003160e+00	1.050060e-03	1.050060e-03	-1.050060e-03	-1.050060e-03
1.944079509703442e-01	-3.441739e-01	6.558261e-01	1.003161e+00	6.834117e-04	6.834117e-04	-6.834117e-04	-6.834117e-04
1.953845134703442e-01	-2.859518e-01	7.140482e-01	1.003162e+00	3.729347e-04	3.729347e-04	-3.729347e-04	-3.729347e-04
1.963610759703442e-01	-2.266535e-01	7.733465e-01	1.003162e+00	1.197867e-04	1.197867e-04	-1.197867e-04	-1.197867e-04
1.973376384703442e-01	-1.665020e-01	8.334979e-01	1.003162e+00	-7.509101e-05	-7.509101e-05	7.509101e-05	7.509101e-05
1.983142009703442e-01	-1.057239e-01	8.942761e-01	1.003162e+00	-2.109764e-04	-2.109764e-04	2.109764e-04	2.109764e-04
1.992907634703442e-01	-4.454790e-02	9.554521e-01	1.003162e+00	-2.873697e-04	-2.873697e-04	2.873697e-04	2.873697e-04
2.002673259703442e-01	1.679580e-02	1.016796e+00	1.003161e+00	-3.039949e-04	-3.039949e-04	3.039949e-04	3.039949e-04
2.012438884703442e-01	7.807627e-02	1.078076e+00	1.003161e+00	-2.608010e-04	-2.608010e-04	2.608010e-04	2.608010e-04
2.022204509703442e-01	1.390629e-01	1.139063e+00	1.003161e+00	-1.579625e-04	-1.579625e-04	1.579625e-04	1.579625e-04
2.031970134703442e-01	1.995261e-01	1.199526e+00	1.003161e+00	4.121960e-06	4.121960e-06	-4.121960e-06	-4.121960e-06
2.041735759703442e-01	2.592384e-01	1.259238e+00	1.003161e+00	2.248304e-04	2.248304e-04	-2.248304e-04	-2.248304e-04
2.051501384703442e-01	3.179749e-01	1.317975e+00	1.003161e+00	5.033203e-04	5.033203e-04	-5.033203e-04	-5.033203e-04
2.061267009703442e-01	3.755146e-01	1.375515e+00	1.003162e+00	8.385315e-04	8.385315e-04	-8.385315e-04	-8.385315e-04
2.071032634703442e-01	4.316410e-01	1.431641e+00	1.003163e+00	1.229190e-03	1.229190e-03	-1.229190e-03	-1.229190e-03
2.080798259703442e-01	4.861428e-01	1.486143e+00	1.003164e+00	1.673814e-03	1.673814e-03	-1.673814e-03	-1.673814e-03
2.090563884703442e-01	5.388149e-01	1.538815e+00	1.003166e+00	2.170718e-03	2.170718e-03	-2.170718e-03	-2.170718e-03
2.100329509703442e-01	5.894589e-01	1.589459e+00	1.003169e+00	2.718019e-03	2.718019e-03	-2.718019e-03	-2.718019e-03
2.110095134703442e-01	6.378844e-01	1.637884e+00	1.003171e+00	3.313645e-03	3.313645e-03	-3.313645e-03	-3.313645e-03
2.119860759703442e-01	6.839091e-01	1.683909e+00	1.003175e+00	3.955342e-03	3.955342e-03	-3.955342e-03	-3.955342e-03
2.129626384703442e-01	7.273597e-01	1.727360e+00	1.003179e+00	4.640683e-03	4.640683e-03	-4.640683e-03	-4.640683e-03
2.139392009703442e-01	7.680726e-01	1.768073e+00	1.003184e+00	5.367076e-03	5.367076e-03	-5.367076e-03	-5.367076e-03
2.149157634703442e-01	8.058947e-01	1.805895e+00	1.003190e+00	6.131773e-03	6.131773e-03	-6.131773e-03	-6.131773e-03
2.168688884703442e-01	8.723083e-01	1.872308e+00	1.003203e+00	7.764388e-03	7.764388e-03	-7.764388e-03	-7.764388e-03
2.188220134703442e-01	9.256016e-01	1.925602e+00	1.003220e+00	9.513872e-03	9.513872e-03	-9.513872e-03	-9.513872e-03
2.207751384703442e-01	9.649730e-01	1.964973e+00	1.003241e+00	1.135381e-02	1.135381e-02	-1.135381e-02	-1.135381e-02
2.227282634703442e-01	9.898303e-01	1.989830e+00	1.003265e+00	1.325642e-02	1.325642e-02	-1.325642e-02	-1.325642e-02
2.246813884703442e-01	9.997996e-01	1.999800e+00	1.003292e+00	1.519299e-02	1.519299e-02	-1.519299e-02	-1.519299e-02
2.266345134703442e-01	9.947310e-01	1.994731e+00	1.003324e+00	1.713428e-02	1.713428e-02	-1.713428e-02	-1.713428e-02
2.285876384703442e-01	9.747007e-01	1.974701e+00	1.003359e+00	1.905100e-02	1.905100e-02	-1.905100e-02	-1.905100e-02
2.305407634703442e-01	9.400101e-01	1.940010e+00	1.003398e+00	2.091420e-02	2.091420e-02	-2.091420e-02	-2.091420e-02
2.324938884703442e-01	8.911808e-01	1.891181e+00	1.003441e+00	2.269575e-02	2.269575e-02	-2.269575e-02	-2.269575e-02
2.344470134703442e-01	8.289473e-01	1.828947e+00	1.003487e+00	2.436875e-02	2.436875e-02	-2.436875e-02	-2.436875e-02
2.364001384703442e-01	7.542456e-01	1.754246e+00	1.003536e+00	2.590793e-02	2.590793e-02	-2.590793e-02	-2.590793e-02
2.383532634703442e-01	6.681995e-01	1.668200e+00	1.003588e+00	2.729003e-02	2.729003e-02	-2.729003e-02	-2.729003e-02
2.403063884703442e-01	5.721030e-01	1.572103e+00	1.003642e+00	2.849415e-02	2.849415e-02	-2.849415e-02	-2.849415e-02
2.422595134703442e-01	4.674015e-01	1.467402e+00	1.003699e+00	2.950207e-02	2.950207e-02	-2.950207e-02	-2.950207e-02
2.442126384703442e-01	3.556698e-01	1.355670e+00	1.003758e+00	3.029851e-02	3.029851e-02	-3.029851e-02	-3.029851e-02
2.461657634703442e-01	2.385886e-01	1.238589e+00	1.003817e+00	3.087138e-02	3.087138e-02	-3.087138e-02	-3.087138e-02
2.481188884703442e-01	1.179187e-01	1.117919e+00	1.003878e+00	3.121196e-02	3.121196e-02	-3.121196e-02	-3.121196e-02
2.500720134703442e-01	-4.524725e-03	9.954753e-01	1.003939e+00	3.131500e-02	3.131500e-02	-3.131500e-02	-3.131500e-02
2.520251384703442e-01	-1.269001e-01	8.730999e-01	1.004000e+00	3.117884e-02	3.117884e-02	-3.117884e-02	-3.117884e-02
2.539782634703442e-01	-2.473668e-01	7.526332e-01	1.004061e+00	3.080541e-02	3.080541e-02	-3.080541e-02	-3.080541e-02
2.559313884703442e-01	-3.641129e-01	6.358871e-01	1.004120e+00	3.020022e-02	3.020022e-02	-3.020022e-02	-3.020022e-02
2.578845134703442e-01	-4.753824e-01	5.246176e-01	1.004179e+00	2.937223e-02	2.937223e-02	-2.937223e-02	-2.937223e-02
2.598376384703442e-01	-5.795016e-01	4.204984e-01	1.004235e+00	2.833380e-02	2.833380e-02	-2.833380e-02	-2.833380e-02
2.608142009703442e-01	-6.283857e-01	3.716143e-01	1.004262e+00	2.774039e-02	2.774039e-02	-2.774039e-02	-2.774039e-02
2.617907634703442e-01	-6.749047e-01	3.250953e-01	1.004289e+00	2.710041e-02	2.710041e-02	-2.710041e-02	-2.710041e-02
2.627673259703442e-01	-7.188835e-01	2.811165e-01	1.004315e+00	2.641626e-02	2.641626e-02	-2.641626e-02	-2.641626e-02
2.637438884703442e-01	-7.601565e-01	2.398435e-01	1.004341e+00	2.569051e-02	2.569051e-02	-2.569051e-02	-2.569051e-02
2.647204509703442e-01	-7.985685e-01	2.014315e-01	1.004365e+00	2.492585e-02	2.492585e-02	-2.492585e-02	-2.492585e-02
2.656970134703442e-01	-8.339749e-01	1.660251e-01	1.004389e+00	2.412516e-02	2.412516e-02	-2.412516e-02	-2.412516e-02
2.666735759703442e-01	-8.662424e-01	1.337576e-01	1.004412e+00	2.329144e-02	2.329144e-02	-2.329144e-02	-2.329144e-02
2.676501384703442e-01	-8.952495e-01	1.047505e-01	1.004435e+00	2.242780e-02	2.242780e-02	-2.242780e-02	-2.242780e-02
2.686267009703442e-01	-9.208872e-01	7.911285e-02	1.004456e+00	2.153749e-02	2.153749e-02	-2.153749e-02	-2.153749e-02
2.696032634703442e-01	-9.430588e-01	5.694124e-02	1.004477e+00	2.062383e-02	2.062383e-02	-2.062383e-02	-2.062383e-02
2.705798259703442e-01	-9.616809e-01	3.831909e-02	1.004496e+00	1.969026e-02	1.969026e-02	-1.969026e-02	-1.969026e-02
2.715563884703442e-01	-9.766835e-01	2.331649e-02	1.004515e+00	1.874026e-02	1.874026e-02	-1.874026e-02	-1.874026e-02
2.725329509703442e-01	-9.880101e-01	1.198990e-02	1.004533e+00	1.777740e-02	1.777740e-02	-1.777740e-02	-1.777740e-02
2.735095134703442e-01	-9.956180e-01	4.381960e-03	1.004550e+00	1.680529e-02	1.680529e-02	-1.680529e-02	-1.680529e-02
2.744860759703442e-01	-9.994787e-01	5.213026e-04	1.004566e+00	1.582758e-02	1.582758e-02	-1.582758e-02	-1.582758e-02
2.754626384703442e-01	-9.995775e-01	4.224571e-04	1.004581e+00	1.484791e-02	1.484791e-02	-1.484791e-02	-1.484791e-02
2.764392009703442e-01	-9.959142e-01	4.085796e-03	1.004595e+00	1.386997e-02	1.386997e-02	-1.386997e-02	-1.386997e-02
2.774157634703442e-01	-9.885024e-01	1.149753e-02	1.004608e+00	1.289742e-02	1.289742e-02	-1.289742e-02	-1.289742e-02
2.783923259703442e-01	-9.773703e-01	2.262977e-02	1.004620e+00	1.193391e-02	1.193391e-02	-1.193391e-02	-1.193391e-02
2.793688884703442e-01	-9.625594e-01	3.744060e-02	1.004631e+00	1.098304e-02	1.098304e-02	-1.098304e-02	-1.098304e-02
2.803454509703442e-01	-9.441257e-01	5.587430e-02	1.004642e+00	1.004838e-02	1.004838e-02	-1.004838e-02	-1.004838e-02
2.813220134703442e-01	-9.221385e-01	7.786147e-02	1.004651e+00	9.133430e-03	9.133430e-03	-9.133430e-03	-9.133430e-03
2.822985759703442e-01	-8.966807e-01	1.033194e-01	1.004659e+00	8.241616e-03	8.241616e-03	-8.241616e-03	-8.241616e-03
2.832751384703442e-01	-8.678479e-01	1.321521e-01	1.004667e+00	7.376280e-03	7.376280e-03	-7.376280e-03	-7.376280e-03
2.842517009703442e-01	-8.357487e-01	1.642513e-01	1.004674e+00	6.540660e-03	6.540660e-03	-6.540660e-03	-6.540660e-03
2.852282634703442e-01	-8.005039e-01	1.994961e-01	1.004680e+00	5.737887e-03	5.737887e-03	-5.737887e-03	-5.737887e-03
2.862048259703442e-01	-7.622463e-01	2.377537e-01	1.004685e+00	4.970965e-03	4.970965e-03	-4.970965e-03	-4.970965e-03
2.871813884703442e-01	-7.211197e-01	2.788803e-01	1.004690e+00	4.242765e-03	4.242765e-03	-4.242765e-03	-4.242765e-03
2.881579509703442e-01	-6.772790e-01	3.227210e-01	1.004693e+00	3.556011e-03	3.556011e-03	-3.556011e-03	-3.556011e-03
2.891345134703442e-01	-6.308891e-01	3.691109e-01	1.004697e+00	2.913270e-03	2.913270e-03	-2.913270e-03	-2.913270e-03
2.901110759703442e-01	-5.821248e-01	4.178752e-01	1.004699e+00	2.316945e-03	2.316945e-03	-2.316945e-03	-2.316945e-03
2.910876384703442e-01	-5.311694e-01	4.688306e-01	1.004701e+00	1.769264e-03	1.769264e-03	-1.769264e-03	-1.769264e-03
2.920642009703442e-01	-4.782149e-01	5.217851e-01	1.004703e+00	1.272271e-03	1.272271e-03	-1.272271e-03	-1.272271e-03
2.930407634703442e-01	-4.234604e-01	5.765396e-01	1.004704e+00	8.278202e-04	8.278202e-04	-8.278202e-04	-8.278202e-04
2.940173259703442e-01	-3.671122e-01	6.328878e-01	1.004704e+00	4.375674e-04	4.375674e-04	-4.375674e-04	-4.375674e-04
2.949938884703442e-01	-3.093822e-01	6.906178e-01	1.004704e+00	1.029643e-04	1.029643e-04	-1.029643e-04	-1.029643e-04
2.959704509703442e-01	-2.504877e-01	7.495123e-01	1.004704e+00	-1.747466e-04	-1.747466e-04	1.747466e-04	1.747466e-04
2.969470134703442e-01	-1.906505e-01	8.093495e-01	1.004704e+00	-3.945372e-04	-3.945372e-04	3.945372e-04	3.945372e-04
2.979235759703442e-01	-1.300958e-01	8.699042e-01	1.004704e+00	-5.555975e-04	-5.555975e-04	5.555975e-04	5.555975e-04
2.989001384703442e-01	-6.905135e-02	9.309487e-01	1.004703e+00	-6.573384e-04	-6.573384e-04	6.573384e-04	6.573384e-04
2.998767009703442e-01	-7.747029e-03	9.922529e-01	1.004702e+00	-6.993942e-04	-6.993942e-04	6.993942e-04	6.993942e-04
3.008532634703442e-01	5.358645e-02	1.053586e+00	1.004702e+00	-6.816239e-04	-6.816239e-04	6.816239e-04	6.816239e-04
3.018298259703442e-01	1.147182e-01	1.114718e+00	1.004701e+00	-6.041119e-04	-6.041119e-04	6.041119e-04	6.041119e-04
3.028063884703442e-01	1.754182e-01	1.175418e+00	1.004701e+00	-4.671671e-04	-4.671671e-04	4.671671e-04	4.671671e-04
3.037829509703442e-01	2.354580e-01	1.235458e+00	1.004700e+00	-2.713227e-04	-2.713227e-04	2.713227e-04	2.713227e-04
3.047595134703442e-01	2.946116e-01	1.294612e+00	1.004700e+00	-1.733302e-05	-1.733302e-05	1.733302e-05	1.733302e-05
3.057360759703442e-01	3.526563e-01	1.352656e+00	1.004700e+00	2.938282e-04	2.938282e-04	-2.938282e-04	-2.938282e-04
3.067126384703442e-01	4.093737e-01	1.409374e+00	1.004701e+00	6.609723e-04	6.609723e-04	-6.609723e-04	-6.609723e-04
3.076892009703442e-01	4.645503e-01	1.464550e+00	1.004702e+00	1.082700e-03	1.082700e-03	-1.082700e-03	-1.082700e-03
3.086657634703442e-01	5.179785e-01	1.517978e+00	1.004703e+00	1.557405e-03	1.557405e-03	-1.557405e-03	-1.557405e-03
3.096423259703442e-01	5.694571e-01	1.569457e+00	1.004705e+00	2.083285e-03	2.083285e-03	-2.083285e-03	-2.083285e-03
3.106188884703442e-01	6.187924e-01	1.618792e+00	1.004707e+00	2.658341e-03	2.658341e-03	-2.658341e-03	-2.658341e-03
3.115954509703442e-01	6.657986e-01	1.665799e+00	1.004710e+00	3.280391e-03	3.280391e-03	-3.280391e-03	-3.280391e-03
3.125720134703442e-01	7.102990e-01	1.710299e+00	1.004713e+00	3.947077e-03	3.947077e-03	-3.947077e-03	-3.947077e-03
3.135485759703442e-01	7.521260e-01	1.752126e+00	1.004718e+00	4.655871e-03	4.655871e-03	-4.655871e-03	-4.655871e-03
3.145251384703442e-01	7.911221e-01	1.791122e+00	1.004722e+00	5.404087e-03	5.404087e-03	-5.404087e-03	-5.404087e-03
3.155017009703442e-01	8.271406e-01	1.827141e+00	1.004728e+00	6.188890e-03	6.188890e-03	-6.188890e-03	-6.188890e-03
3.174548259703442e-01	8.897144e-01	1.889714e+00	1.004742e+00	7.856246e-03	7.856246e-03	-7.856246e-03	-7.856246e-03
3.194079509703442e-01	9.389059e-01	1.938906e+00	1.004759e+00	9.632716e-03	9.632716e-03	-9.632716e-03	-9.632716e-03
3.213610759703442e-01	9.739755e-01	1.973975e+00	1.004780e+00	1.149143e-02	1.149143e-02	-1.149143e-02	-1.149143e-02
3.233142009703442e-01	9.943955e-01	1.994395e+00	1.004804e+00	1.340429e-02	1.340429e-02	-1.340429e-02	-1.340429e-02
3.252673259703442e-01	9.998589e-01	1.999859e+00	1.004832e+00	1.534237e-02	1.534237e-02	-1.534237e-02	-1.534237e-02
3.272204509703442e-01	9.902835e-01	1.990284e+00	1.004864e+00	1.727637e-02	1.727637e-02	-1.727637e-02	-1.727637e-02
3.291735759703442e-01	9.658134e-01	1.965813e+00	1.004899e+00	1.917705e-02	1.917705e-02	-1.917705e-02	-1.917705e-02
3.311267009703442e-01	9.268165e-01	1.926816e+00	1.004939e+00	2.101568e-02	2.101568e-02	-2.101568e-02	-2.101568e-02
3.330798259703442e-01	8.738794e-01	1.873879e+00	1.004981e+00	2.276444e-02	2.276444e-02	-2.276444e-02	-2.276444e-02
3.350329509703442e-01	8.077983e-01	1.807798e+00	1.005028e+00	2.439688e-02	2.439688e-02	-2.439688e-02	-2.439688e-02
3.369860759703442e-01	7.295672e-01	1.729567e+00	1.005077e+00	2.588830e-02	2.588830e-02	-2.588830e-02	-2.588830e-02
3.389392009703442e-01	6.403628e-01	1.640363e+00	1.005129e+00	2.721611e-02	2.721611e-02	-2.721611e-02	-2.721611e-02
3.408923259703442e-01	5.415267e-01	1.541527e+00	1.005183e+00	2.836017e-02	2.836017e-02	-2.836017e-02	-2.836017e-02
3.428454509703442e-01	4.345455e-01	1.434546e+00	1.005239e+00	2.930314e-02	2.930314e-02	-2.930314e-02	-2.930314e-02
3.447985759703442e-01	3.210284e-01	1.321028e+00	1.005297e+00	3.003066e-02	3.003066e-02	-3.003066e-02	-3.003066e-02
3.467517009703442e-01	2.026826e-01	1.202683e+00	1.005356e+00	3.053163e-02	3.053163e-02	-3.053163e-02	-3.053163e-02
3.487048259703442e-01	8.128840e-02	1.081288e+00	1.005416e+00	3.079837e-02	3.079837e-02	-3.079837e-02	-3.079837e-02
3.516345134703442e-01	-1.025191e-01	8.974809e-01	1.005507e+00	3.075113e-02	3.075113e-02	-3.075113e-02	-3.075113e-02
3.535876384703442e-01	-2.235138e-01	7.764862e-01	1.005566e+00	3.042186e-02	3.042186e-02	-3.042186e-02	-3.042186e-02
3.555407634703442e-01	-3.411466e-01	6.588534e-01	1.005625e+00	2.985945e-02	2.985945e-02	-2.985945e-02	-2.985945e-02
3.574938884703442e-01	-4.536483e-01	5.463517e-01	1.005683e+00	2.907218e-02	2.907218e-02	-2.907218e-02	-2.907218e-02
3.594470134703442e-01	-5.593267e-01	4.406733e-01	1.005738e+00	2.807174e-02	2.807174e-02	-2.807174e-02	-2.807174e-02
3.604235759703442e-01	-6.091058e-01	3.908942e-01	1.005766e+00	2.749610e-02	2.749610e-02	-2.749610e-02	-2.749610e-02
3.614001384703442e-01	-6.565923e-01	3.434077e-01	1.005792e+00	2.687300e-02	2.687300e-02	-2.687300e-02	-2.687300e-02
3.623767009703442e-01	-7.016076e-01	2.983924e-01	1.005818e+00	2.620474e-02	2.620474e-02	-2.620474e-02	-2.620474e-02
3.633532634703442e-01	-7.439821e-01	2.560178e-01	1.005843e+00	2.549383e-02	2.549383e-02	-2.549383e-02	-2.549383e-02
3.643298259703442e-01	-7.835566e-01	2.164434e-01	1.005868e+00	2.474293e-02	2.474293e-02	-2.474293e-02	-2.474293e-02
3.653063884703442e-01	-8.201818e-01	1.798182e-01	1.005892e+00	2.395482e-02	2.395482e-02	-2.395482e-02	-2.395482e-02
3.662829509703442e-01	-8.537201e-01	1.462799e-01	1.005915e+00	2.313247e-02	2.313247e-02	-2.313247e-02	-2.313247e-02
3.672595134703442e-01	-8.840452e-01	1.159548e-01	1.005937e+00	2.227894e-02	2.227894e-02	-2.227894e-02	-2.227894e-02
3.682360759703442e-01	-9.110429e-01	8.895709e-02	1.005958e+00	2.139743e-02	2.139743e-02	-2.139743e-02	-2.139743e-02
3.692126384703442e-01	-9.346117e-01	6.538833e-02	1.005979e+00	2.049123e-02	2.049123e-02	-2.049123e-02	-2.049123e-02
3.701892009703442e-01	-9.546628e-01	4.533723e-02	1.005998e+00	1.956373e-02	1.956373e-02	-1.956373e-02	-1.956373e-02
3.711657634703442e-01	-9.711207e-01	2.887926e-02	1.006017e+00	1.861840e-02	1.861840e-02	-1.861840e-02	-1.861840e-02
3.721423259703442e-01	-9.839236e-01	1.607637e-02	1.006034e+00	1.765879e-02	1.765879e-02	-1.765879e-02	-1.765879e-02
3.731188884703442e-01	-9.930233e-01	6.976751e-03	1.006051e+00	1.668847e-02	1.668847e-02	-1.668847e-02	-1.668847e-02
3.740954509703442e-01	-9.983854e-01	1.614645e-03	1.006067e+00	1.571109e-02	1.571109e-02	-1.571109e-02	-1.571109e-02
3.750720134703442e-01	-9.999897e-01	1.023662e-05	1.006082e+00	1.473029e-02	1.473029e-02	-1.473029e-02	-1.473029e-02
3.760485759703442e-01	-9.978305e-01	2.169564e-03	1.006096e+00	1.374975e-02	1.374975e-02	-1.374975e-02	-1.374975e-02
3.770251384703442e-01	-9.919155e-01	8.084499e-03	1.006109e+00	1.277314e-02	1.277314e-02	-1.277314e-02	-1.277314e-02
3.780017009703442e-01	-9.822672e-01	1.773278e-02	1.006121e+00	1.180410e-02	1.180410e-02	-1.180410e-02	-1.180410e-02
3.789782634703442e-01	-9.689219e-01	3.107809e-02	1.006132e+00	1.084628e-02	1.084628e-02	-1.084628e-02	-1.084628e-02
3.799548259703442e-01	-9.519298e-01	4.807021e-02	1.006142e+00	9.903240e-03	9.903240e-03	-9.903240e-03	-9.903240e-03
3.809313884703442e-01	-9.313548e-01	6.864518e-02	1.006151e+00	8.978521e-03	8.978521e-03	-8.978521e-03	-8.978521e-03
3.819079509703442e-01	-9.072744e-01	9.272555e-02	1.006160e+00	8.075578e-03	8.075578e-03	-8.075578e-03	-8.075578e-03
3.828845134703442e-01	-8.797793e-01	1.202207e-01	1.006167e+00	7.197788e-03	7.197788e-03	-7.197788e-03	-7.197788e-03
3.838610759703442e-01	-8.489729e-01	1.510271e-01	1.006174e+00	6.348433e-03	6.348433e-03	-6.348433e-03	-6.348433e-03
3.848376384703442e-01	-8.149711e-01	1.850289e-01	1.006179e+00	5.530687e-03	5.530687e-03	-5.530687e-03	-5.530687e-03
3.858142009703442e-01	-7.779019e-01	2.220981e-01	1.006185e+00	4.747607e-03	4.747607e-03	-4.747607e-03	-4.747607e-03
3.867907634703442e-01	-7.379049e-01	2.620951e-01	1.006189e+00	4.002117e-03	4.002117e-03	-4.002117e-03	-4.002117e-03
3.877673259703442e-01	-6.951306e-01	3.048694e-01	1.006192e+00	3.297002e-03	3.297002e-03	-3.297002e-03	-3.297002e-03
3.887438884703442e-01	-6.497400e-01	3.502600e-01	1.006195e+00	2.634893e-03	2.634893e-03	-2.634893e-03	-2.634893e-03
3.897204509703442e-01	-6.019039e-01	3.980961e-01	1.006198e+00	2.018261e-03	2.018261e-03	-2.018261e-03	-2.018261e-03
3.906970134703442e-01	-5.518024e-01	4.481976e-01	1.006199e+00	1.449403e-03	1.449403e-03	-1.449403e-03	-1.449403e-03
3.916735759703442e-01	-4.996240e-01	5.003760e-01	1.006200e+00	9.304387e-04	9.304387e-04	-9.304387e-04	-9.304387e-04
3.926501384703442e-01	-4.455651e-01	5.544349e-01	1.006201e+00	4.632988e-04	4.632988e-04	-4.632988e-04	-4.632988e-04
3.936267009703442e-01	-3.898293e-01	6.101707e-01	1.006201e+00	4.971911e-05	4.971911e-05	-4.971911e-05	-4.971911e-05
3.946032634703442e-01	-3.326262e-01	6.673738e-01	1.006201e+00	-3.087661e-04	-3.087661e-04	3.087661e-04	3.087661e-04
3.955798259703442e-01	-2.741711e-01	7.258288e-01	1.006201e+00	-6.108303e-04	-6.108303e-04	6.108303e-04	6.108303e-04
3.965563884703442e-01	-2.146842e-01	7.853158e-01	1.006200e+00	-8.553589e-04	-8.553589e-04	8.553589e-04	8.553589e-04
3.975329509703442e-01	-1.543892e-01	8.456107e-01	1.006199e+00	-1.041454e-03	-1.041454e-03	1.041454e-03	1.041454e-03
3.985095134703442e-01	-9.351320e-02	9.064868e-01	1.006198e+00	-1.168439e-03	-1.168439e-03	1.168439e-03	1.168439e-03
3.994860759703442e-01	-3.228519e-02	9.677148e-01	1.006197e+00	-1.235857e-03	-1.235857e-03	1.235857e-03	1.235857e-03
4.004626384703442e-01	2.906434e-02	1.029064e+00	1.006196e+00	-1.243478e-03	-1.243478e-03	1.243478e-03	1.243478e-03
4.014392009703442e-01	9.030447e-02	1.090304e+00	1.006194e+00	-1.191296e-03	-1.191296e-03	1.191296e-03	1.191296e-03
4.024157634703442e-01	1.512047e-01	1.151205e+00	1.006193e+00	-1.079530e-03	-1.079530e-03	1.079530e-03	1.079530e-03
4.033923259703442e-01	2.115359e-01	1.211536e+00	1.006192e+00	-9.086237e-04	-9.086237e-04	9.086237e-04	9.086237e-04
4.043688884703442e-01	2.710708e-01	1.271071e+00	1.006191e+00	-6.792436e-04	-6.792436e-04	6.792436e-04	6.792436e-04
4.053454509703442e-01	3.295856e-01	1.329586e+00	1.006191e+00	-3.922760e-04	-3.922760e-04	3.922760e-04	3.922760e-04
4.063220134703442e-01	3.868598e-01	1.386860e+00	1.006191e+00	-4.882394e-05	-4.882394e-05	4.882394e-05	4.882394e-05
4.072985759703442e-01	4.426780e-01	1.442678e+00	1.006191e+00	3.497968e-04	3.497968e-04	-3.497968e-04	-3.497968e-04
4.082751384703442e-01	4.968300e-01	1.496830e+00	1.006191e+00	8.020626e-04	8.020626e-04	-8.020626e-04	-8.020626e-04
4.092517009703442e-01	5.491121e-01	1.549112e+00	1.006193e+00	1.306248e-03	1.306248e-03	-1.306248e-03	-1.306248e-03
4.102282634703442e-01	5.993275e-01	1.599327e+00	1.006194e+00	1.860432e-03	1.860432e-03	-1.860432e-03	-1.860432e-03
4.112048259703442e-01	6.472871e-01	1.647287e+00	1.006196e+00	2.462506e-03	2.462506e-03	-2.462506e-03	-2.462506e-03
4.121813884703442e-01	6.928105e-01	1.692811e+00	1.006199e+00	3.110180e-03	3.110180e-03	-3.110180e-03	-3.110180e-03
4.131579509703442e-01	7.357263e-01	1.735726e+00	1.006202e+00	3.800993e-03	3.800993e-03	-3.800993e-03	-3.800993e-03
4.141345134703442e-01	7.758730e-01	1.775873e+00	1.006206e+00	4.532320e-03	4.532320e-03	-4.532320e-03	-4.532320e-03
4.151110759703442e-01	8.130995e-01	1.813100e+00	1.006211e+00	5.301388e-03	5.301388e-03	-5.301388e-03	-5.301388e-03
4.160876384703442e-01	8.472657e-01	1.847266e+00	1.006217e+00	6.105276e-03	6.105276e-03	-6.105276e-03	-6.105276e-03
4.180407634703442e-01	9.059146e-01	1.905915e+00	1.006230e+00	7.805199e-03	7.805199e-03	-7.805199e-03	-7.805199e-03
4.199938884703442e-01	9.509378e-01	1.950938e+00	1.006247e+00	9.606332e-03	9.606332e-03	-9.606332e-03	-9.606332e-03
4.219470134703442e-01	9.816580e-01	1.981658e+00	1.006268e+00	1.148139e-02	1.148139e-02	-1.148139e-02	-1.148139e-02
4.239001384703442e-01	9.976131e-01	1.997613e+00	1.006292e+00	1.340199e-02	1.340199e-02	-1.340199e-02	-1.340199e-02
4.258532634703442e-01	9.985632e-01	1.998563e+00	1.006320e+00	1.533903e-02	1.533903e-02	-1.533903e-02	-1.533903e-02
4.278063884703442e-01	9.844940e-01	1.984494e+00	1.006352e+00	1.726321e-02	1.726321e-02	-1.726321e-02	-1.726321e-02
4.297595134703442e-01	9.556171e-01	1.955617e+00	1.006388e+00	1.914537e-02	1.914537e-02	-1.914537e-02	-1.914537e-02
4.317126384703442e-01	9.123668e-01	1.912367e+00	1.006427e+00	2.095702e-02	2.095702e-02	-2.095702e-02	-2.095702e-02
4.336657634703442e-01	8.553936e-01	1.855394e+00	1.006469e+00	2.267072e-02	2.267072e-02	-2.267072e-02	-2.267072e-02
4.356188884703442e-01	7.855546e-01	1.785555e+00	1.006515e+00	2.426048e-02	2.426048e-02	-2.426048e-02	-2.426048e-02
4.375720134703442e-01	7.039001e-01	1.703900e+00	1.006564e+00	2.570221e-02	2.570221e-02	-2.570221e-02	-2.570221e-02
4.395251384703442e-01	6.116582e-01	1.611658e+00	1.006616e+00	2.697401e-02	2.697401e-02	-2.697401e-02	-2.697401e-02
4.414782634703442e-01	5.102165e-01	1.510216e+00	1.006669e+00	2.805657e-02	2.805657e-02	-2.805657e-02	-2.805657e-02
4.434313884703442e-01	4.011006e-01	1.401101e+00	1.006725e+00	2.893339e-02	2.893339e-02	-2.893339e-02	-2.893339e-02
4.453845134703442e-01	2.859518e-01	1.285952e+00	1.006782e+00	2.959109e-02	2.959109e-02	-2.959109e-02	-2.959109e-02
4.473376384703442e-01	1.665020e-01	1.166502e+00	1.006840e+00	3.001958e-02	3.001958e-02	-3.001958e-02	-3.001958e-02
4.492907634703442e-01	4.454790e-02	1.044548e+00	1.006899e+00	3.021221e-02	3.021221e-02	-3.021221e-02	-3.021221e-02
4.512438884703442e-01	-7.807627e-02	9.219237e-01	1.006958e+00	3.016587e-02	3.016587e-02	-3.016587e-02	-3.016587e-02
4.531970134703442e-01	-1.995261e-01	8.004739e-01	1.007017e+00	2.988107e-02	2.988107e-02	-2.988107e-02	-2.988107e-02
4.551501384703442e-01	-3.179749e-01	6.820251e-01	1.007075e+00	2.936188e-02	2.936188e-02	-2.936188e-02	-2.936188e-02
4.571032634703442e-01	-4.316410e-01	5.683590e-01	1.007131e+00	2.861590e-02	2.861590e-02	-2.861590e-02	-2.861590e-02
4.590563884703442e-01	-5.388149e-01	4.611851e-01	1.007186e+00	2.765415e-02	2.765415e-02	-2.765415e-02	-2.765415e-02
4.600329509703442e-01	-5.894589e-01	4.105411e-01	1.007213e+00	2.709670e-02	2.709670e-02	-2.709670e-02	-2.709670e-02
4.610095134703442e-01	-6.378844e-01	3.621156e-01	1.007239e+00	2.649089e-02	2.649089e-02	-2.649089e-02	-2.649089e-02
4.619860759703442e-01	-6.839091e-01	3.160909e-01	1.007265e+00	2.583898e-02	2.583898e-02	-2.583898e-02	-2.583898e-02
4.629626384703442e-01	-7.273597e-01	2.726403e-01	1.007290e+00	2.514340e-02	2.514340e-02	-2.514340e-02	-2.514340e-02
4.639392009703442e-01	-7.680726e-01	2.319274e-01	1.007314e+00	2.440674e-02	2.440674e-02	-2.440674e-02	-2.440674e-02
4.649157634703442e-01	-8.058947e-01	1.941053e-01	1.007337e+00	2.363175e-02	2.363175e-02	-2.363175e-02	-2.363175e-02
4.658923259703442e-01	-8.406836e-01	1.593164e-01	1.007360e+00	2.282131e-02	2.282131e-02	-2.282131e-02	-2.282131e-02
4.668688884703442e-01	-8.723083e-01	1.276917e-01	1.007382e+00	2.197846e-02	2.197846e-02	-2.197846e-02	-2.197846e-02
4.678454509703442e-01	-9.006499e-01	9.935012e-02	1.007403e+00	2.110633e-02	2.110633e-02	-2.110633e-02	-2.110633e-02
4.688220134703442e-01	-9.256016e-01	7.439839e-02	1.007423e+00	2.020819e-02	2.020819e-02	-2.020819e-02	-2.020819e-02
4.697985759703442e-01	-9.470696e-01	5.293041e-02	1.007442e+00	1.928738e-02	1.928738e-02	-1.928738e-02	-1.928738e-02
4.707751384703442e-01	-9.649730e-01	3.502700e-02	1.007461e+00	1.834735e-02	1.834735e-02	-1.834735e-02	-1.834735e-02
4.717517009703442e-01	-9.792445e-01	2.075552e-02	1.007478e+00	1.739160e-02	1.739160e-02	-1.739160e-02	-1.739160e-02
4.727282634703442e-01	-9.898303e-01	1.016970e-02	1.007495e+00	1.642372e-02	1.642372e-02	-1.642372e-02	-1.642372e-02
4.737048259703442e-01	-9.966906e-01	3.309377e-03	1.007510e+00	1.544731e-02	1.544731e-02	-1.544731e-02	-1.544731e-02
4.746813884703442e-01	-9.997996e-01	2.003725e-04	1.007525e+00	1.446602e-02	1.446602e-02	-1.446602e-02	-1.446602e-02
4.756579509703442e-01	-9.991456e-01	8.543876e-04	1.007539e+00	1.348352e-02	1.348352e-02	-1.348352e-02	-1.348352e-02
4.766345134703442e-01	-9.947310e-01	5.268961e-03	1.007551e+00	1.250349e-02	1.250349e-02	-1.250349e-02	-1.250349e-02
4.776110759703442e-01	-9.865725e-01	1.342748e-02	1.007563e+00	1.152957e-02	1.152957e-02	-1.152957e-02	-1.152957e-02
4.785876384703442e-01	-9.747007e-01	2.529923e-02	1.007574e+00	1.056542e-02	1.056542e-02	-1.056542e-02	-1.056542e-02
4.795642009703442e-01	-9.591604e-01	4.083954e-02	1.007584e+00	9.614627e-03	9.614627e-03	-9.614627e-03	-9.614627e-03
4.805407634703442e-01	-9.400101e-01	5.998991e-02	1.007593e+00	8.680751e-03	8.680751e-03	-8.680751e-03	-8.680751e-03
4.815173259703442e-01	-9.173217e-01	8.267827e-02	1.007601e+00	7.767277e-03	7.767277e-03	-7.767277e-03	-7.767277e-03
4.824938884703442e-01	-8.911808e-01	1.088192e-01	1.007608e+00	6.877617e-03	6.877617e-03	-6.877617e-03	-6.877617e-03
4.834704509703442e-01	-8.616856e-01	1.383144e-01	1.007614e+00	6.015091e-03	6.015091e-03	-6.015091e-03	-6.015091e-03
4.844470134703442e-01	-8.289473e-01	1.710527e-01	1.007620e+00	5.182920e-03	5.182920e-03	-5.182920e-03	-5.182920e-03
4.854235759703442e-01	-7.930890e-01	2.069110e-01	1.007624e+00	4.384207e-03	4.384207e-03	-4.384207e-03	-4.384207e-03
4.864001384703442e-01	-7.542456e-01	2.457543e-01	1.007628e+00	3.621932e-03	3.621932e-03	-3.621932e-03	-3.621932e-03
4.873767009703442e-01	-7.125635e-01	2.874365e-01	1.007631e+00	2.898937e-03	2.898937e-03	-2.898937e-03	-2.898937e-03
4.883532634703442e-01	-6.681995e-01	3.318005e-01	1.007634e+00	2.217914e-03	2.217914e-03	-2.217914e-03	-2.217914e-03
4.893298259703442e-01	-6.213205e-01	3.786795e-01	1.007636e+00	1.581400e-03	1.581400e-03	-1.581400e-03	-1.581400e-03
4.903063884703442e-01	-5.721030e-01	4.278970e-01	1.007637e+00	9.917637e-04	9.917637e-04	-9.917637e-04	-9.917637e-04
4.912829509703442e-01	-5.207322e-01	4.792678e-01	1.007638e+00	4.511958e-04	4.511958e-04	-4.511958e-04	-4.511958e-04
4.922595134703442e-01	-4.674015e-01	5.325986e-01	1.007638e+00	-3.829626e-05	-3.829626e-05	3.829626e-05	3.829626e-05
4.932360759703442e-01	-4.123116e-01	5.876884e-01	1.007638e+00	-4.748980e-04	-4.748980e-04	4.748980e-04	4.748980e-04
4.942126384703442e-01	-3.556698e-01	6.443302e-01	1.007637e+00	-8.569937e-04	-8.569937e-04	8.569937e-04	8.569937e-04
4.951892009703442e-01	-2.976894e-01	7.023106e-01	1.007636e+00	-1.183173e-03	-1.183173e-03	1.183173e-03	1.183173e-03
4.961657634703442e-01	-2.385886e-01	7.614114e-01	1.007635e+00	-1.452236e-03	-1.452236e-03	1.452236e-03	1.452236e-03
4.971423259703442e-01	-1.785897e-01	8.214102e-01	1.007633e+00	-1.663198e-03	-1.663198e-03	1.663198e-03	1.663198e-03
4.981188884703442e-01	-1.179187e-01	8.820813e-01	1.007632e+00	-1.815293e-03	-1.815293e-03	1.815293e-03	1.815293e-03
4.990954509703442e-01	-5.680390e-02	9.431961e-01	1.007630e+00	-1.907977e-03	-1.907977e-03	1.907977e-03	1.907977e-03
5.000720134703442e-01	4.524725e-03	1.004525e+00	1.007628e+00	-1.940928e-03	-1.940928e-03	1.940928e-03	1.940928e-03
5.010485759703442e-01	6.583632e-02	1.065836e+00	1.007626e+00	-1.914050e-03	-1.914050e-03	1.914050e-03	1.914050e-03
5.020251384703442e-01	1.269001e-01	1.126900e+00	1.007624e+00	-1.827474e-03	-1.827474e-03	1.827474e-03	1.827474e-03
5.030017009703442e-01	1.874863e-01	1.187486e+00	1.007622e+00	-1.681552e-03	-1.681552e-03	1.681552e-03	1.681552e-03
5.039782634703442e-01	2.473668e-01	1.247367e+00	1.007621e+00	-1.476863e-03	-1.476863e-03	1.476863e-03	1.476863e-03
5.049548259703442e-01	3.063163e-01	1.306316e+00	1.007620e+00	-1.214204e-03	-1.214204e-03	1.214204e-03	1.214204e-03
5.059313884703442e-01	3.641129e-01	1.364113e+00	1.007618e+00	-8.945937e-04	-8.945937e-04	8.945937e-04	8.945937e-04
5.069079509703442e-01	4.205390e-01	1.420539e+00	1.007618e+00	-5.192622e-04	-5.192622e-04	5.192622e-04	5.192622e-04
5.078845134703442e-01	4.753824e-01	1.475382e+00	1.007617e+00	-8.965102e-05	-8.965102e-05	8.965102e-05	8.965102e-05
5.088610759703442e-01	5.284365e-01	1.528436e+00	1.007618e+00	3.925945e-04	3.925945e-04	-3.925945e-04	-3.925945e-04
5.098376384703442e-01	5.795016e-01	1.579502e+00	1.007618e+00	9.256308e-04	9.256308e-04	-9.256308e-04	-9.256308e-04
5.108142009703442e-01	6.283857e-01	1.628386e+00	1.007619e+00	1.507423e-03	1.507423e-03	-1.507423e-03	-1.507423e-03
5.117907634703442e-01	6.749047e-01	1.674905e+00	1.007621e+00	2.135753e-03	2.135753e-03	-2.135753e-03	-2.135753e-03
5.127673259703442e-01	7.188835e-01	1.718884e+00	1.007624e+00	2.808227e-03	2.808227e-03	-2.808227e-03	-2.808227e-03
5.137438884703442e-01	7.601565e-01	1.760157e+00	1.007627e+00	3.522285e-03	3.522285e-03	-3.522285e-03	-3.522285e-03
5.147204509703442e-01	7.985685e-01	1.798568e+00	1.007631e+00	4.275212e-03	4.275212e-03	-4.275212e-03	-4.275212e-03
5.156970134703442e-01	8.339749e-01	1.833975e+00	1.007635e+00	5.064144e-03	5.064144e-03	-5.064144e-03	-5.064144e-03
5.166735759703442e-01	8.662424e-01	1.866242e+00	1.007640e+00	5.886083e-03	5.886083e-03	-5.886083e-03	-5.886083e-03
5.186267009703442e-01	9.208872e-01	1.920887e+00	1.007654e+00	7.616379e-03	7.616379e-03	-7.616379e-03	-7.616379e-03
5.205798259703442e-01	9.616809e-01	1.961681e+00	1.007670e+00	9.439846e-03	9.439846e-03	-9.439846e-03	-9.439846e-03
5.225329509703442e-01	9.880101e-01	1.988010e+00	1.007691e+00	1.132882e-02	1.132882e-02	-1.132882e-02	-1.132882e-02
5.244860759703442e-01	9.994787e-01	1.999479e+00	1.007715e+00	1.325466e-02	1.325466e-02	-1.325466e-02	-1.325466e-02
5.264392009703442e-01	9.959142e-01	1.995914e+00	1.007742e+00	1.518817e-02	1.518817e-02	-1.518817e-02	-1.518817e-02
5.283923259703442e-01	9.773703e-01	1.977370e+00	1.007774e+00	1.710002e-02	1.710002e-02	-1.710002e-02	-1.710002e-02
5.303454509703442e-01	9.441257e-01	1.944126e+00	1.007809e+00	1.896123e-02	1.896123e-02	-1.896123e-02	-1.896123e-02
5.322985759703442e-01	8.966807e-01	1.896681e+00	1.007848e+00	2.074357e-02	2.074357e-02	-2.074357e-02	-2.074357e-02
5.342517009703442e-01	8.357487e-01	1.835749e+00	1.007890e+00	2.241998e-02	2.241998e-02	-2.241998e-02	-2.241998e-02
5.362048259703442e-01	7.622463e-01	1.762246e+00	1.007935e+00	2.396503e-02	2.396503e-02	-2.396503e-02	-2.396503e-02
5.381579509703442e-01	6.772790e-01	1.677279e+00	1.007984e+00	2.535522e-02	2.535522e-02	-2.535522e-02	-2.535522e-02
5.401110759703442e-01	5.821248e-01	1.582125e+00	1.008034e+00	2.656942e-02	2.656942e-02	-2.656942e-02	-2.656942e-02
5.420642009703442e-01	4.782149e-01	1.478215e+00	1.008087e+00	2.758911e-02	2.758911e-02	-2.758911e-02	-2.758911e-02
5.440173259703442e-01	3.671122e-01	1.367112e+00	1.008142e+00	2.839872e-02	2.839872e-02	-2.839872e-02	-2.839872e-02
5.459704509703442e-01	2.504877e-01	1.250488e+00	1.008198e+00	2.898583e-02	2.898583e-02	-2.898583e-02	-2.898583e-02
5.479235759703442e-01	1.300958e-01	1.130096e+00	1.008255e+00	2.934137e-02	2.934137e-02	-2.934137e-02	-2.934137e-02
5.498767009703442e-01	7.747029e-03	1.007747e+00	1.008312e+00	2.945975e-02	2.945975e-02	-2.945975e-02	-2.945975e-02
5.518298259703442e-01	-1.147182e-01	8.852817e-01	1.008370e+00	2.933894e-02	2.933894e-02	-2.933894e-02	-2.933894e-02
5.537829509703442e-01	-2.354580e-01	7.645420e-01	1.008427e+00	2.898051e-02	2.898051e-02	-2.898051e-02	-2.898051e-02
5.557360759703442e-01	-3.526563e-01	6.473437e-01	1.008483e+00	2.838961e-02	2.838961e-02	-2.838961e-02	-2.838961e-02
5.576892009703442e-01	-4.645503e-01	5.354497e-01	1.008538e+00	2.757488e-02	2.757488e-02	-2.757488e-02	-2.757488e-02
5.596423259703442e-01	-5.694571e-01	4.305429e-01	1.008590e+00	2.654832e-02	2.654832e-02	-2.654832e-02	-2.654832e-02
5.606188884703442e-01	-6.187924e-01	3.812076e-01	1.008616e+00	2.596024e-02	2.596024e-02	-2.596024e-02	-2.596024e-02
5.615954509703442e-01	-6.657986e-01	3.342014e-01	1.008641e+00	2.532514e-02	2.532514e-02	-2.532514e-02	-2.532514e-02
5.625720134703442e-01	-7.102990e-01	2.897010e-01	1.008666e+00	2.464537e-02	2.464537e-02	-2.464537e-02	-2.464537e-02
5.635485759703442e-01	-7.521260e-01	2.478740e-01	1.008689e+00	2.392347e-02	2.392347e-02	-2.392347e-02	-2.392347e-02
5.645251384703442e-01	-7.911221e-01	2.088779e-01	1.008712e+00	2.316212e-02	2.316212e-02	-2.316212e-02	-2.316212e-02
5.655017009703442e-01	-8.271406e-01	1.728594e-01	1.008734e+00	2.236416e-02	2.236416e-02	-2.236416e-02	-2.236416e-02
5.664782634703442e-01	-8.600460e-01	1.399540e-01	1.008756e+00	2.153255e-02	2.153255e-02	-2.153255e-02	-2.153255e-02
5.674548259703442e-01	-8.897144e-01	1.102857e-01	1.008776e+00	2.067040e-02	2.067040e-02	-2.067040e-02	-2.067040e-02
5.684313884703442e-01	-9.160340e-01	8.396599e-02	1.008796e+00	1.978091e-02	1.978091e-02	-1.978091e-02	-1.978091e-02
5.694079509703442e-01	-9.389059e-01	6.109409e-02	1.008815e+00	1.886741e-02	1.886741e-02	-1.886741e-02	-1.886741e-02
5.703845134703442e-01	-9.582440e-01	4.175600e-02	1.008833e+00	1.793331e-02	1.793331e-02	-1.793331e-02	-1.793331e-02
5.713610759703442e-01	-9.739755e-01	2.602453e-02	1.008850e+00	1.698208e-02	1.698208e-02	-1.698208e-02	-1.698208e-02
5.723376384703442e-01	-9.860411e-01	1.395889e-02	1.008866e+00	1.601727e-02	1.601727e-02	-1.601727e-02	-1.601727e-02
5.733142009703442e-01	-9.943955e-01	5.604479e-03	1.008881e+00	1.504249e-02	1.504249e-02	-1.504249e-02	-1.504249e-02
5.742907634703442e-01	-9.990072e-01	9.927504e-04	1.008896e+00	1.406137e-02	1.406137e-02	-1.406137e-02	-1.406137e-02
5.752673259703442e-01	-9.998589e-01	1.410593e-04	1.008909e+00	1.307757e-02	1.307757e-02	-1.307757e-02	-1.307757e-02
5.762438884703442e-01	-9.969474e-01	3.052612e-03	1.008921e+00	1.209477e-02	1.209477e-02	-1.209477e-02	-1.209477e-02
5.772204509703442e-01	-9.902835e-01	9.716448e-03	1.008932e+00	1.111663e-02	1.111663e-02	-1.111663e-02	-1.111663e-02
5.781970134703442e-01	-9.798925e-01	2.010749e-02	1.008943e+00	1.014679e-02	1.014679e-02	-1.014679e-02	-1.014679e-02
5.791735759703442e-01	-9.658134e-01	3.418662e-02	1.008952e+00	9.188889e-03	9.188889e-03	-9.188889e-03	-9.188889e-03
5.801501384703442e-01	-9.480991e-01	5.190086e-02	1.008961e+00	8.246485e-03	8.246485e-03	-8.246485e-03	-8.246485e-03
5.811267009703442e-01	-9.268165e-01	7.318353e-02	1.008968e+00	7.323098e-03	7.323098e-03	-7.323098e-03	-7.323098e-03
5.821032634703442e-01	-9.020455e-01	9.795453e-02	1.008975e+00	6.422171e-03	6.422171e-03	-6.422171e-03	-6.422171e-03
5.830798259703442e-01	-8.738794e-01	1.261206e-01	1.008981e+00	5.547062e-03	5.547062e-03	-5.547062e-03	-5.547062e-03
5.840563884703442e-01	-8.424242e-01	1.575758e-01	1.008986e+00	4.701034e-03	4.701034e-03	-4.701034e-03	-4.701034e-03
5.850329509703442e-01	-8.077983e-01	1.922017e-01	1.008990e+00	3.887238e-03	3.887238e-03	-3.887238e-03	-3.887238e-03
5.860095134703442e-01	-7.701321e-01	2.298679e-01	1.008994e+00	3.108705e-03	3.108705e-03	-3.108705e-03	-3.108705e-03
5.869860759703442e-01	-7.295672e-01	2.704328e-01	1.008996e+00	2.368332e-03	2.368332e-03	-2.368332e-03	-2.368332e-03
5.879626384703442e-01	-6.862565e-01	3.137435e-01	1.008998e+00	1.668874e-03	1.668874e-03	-1.668874e-03	-1.668874e-03
5.889392009703442e-01	-6.403628e-01	3.596372e-01	1.009000e+00	1.012931e-03	1.012931e-03	-1.012931e-03	-1.012931e-03
5.899157634703442e-01	-5.920589e-01	4.079411e-01	1.009000e+00	4.029388e-04	4.029388e-04	-4.029388e-04	-4.029388e-04
5.908923259703442e-01	-5.415267e-01	4.584733e-01	1.009000e+00	-1.588384e-04	-1.588384e-04	1.588384e-04	1.588384e-04
5.918688884703442e-01	-4.889562e-01	5.110437e-01	1.009000e+00	-6.703193e-04	-6.703193e-04	6.703193e-04	6.703193e-04
5.928454509703442e-01	-4.345455e-01	5.654545e-01	1.008999e+00	-1.129611e-03	-1.129611e-03	1.129611e-03	1.129611e-03
5.938220134703442e-01	-3.784992e-01	6.215008e-01	1.008998e+00	-1.535019e-03	-1.535019e-03	1.535019e-03	1.535019e-03
5.947985759703442e-01	-3.210284e-01	6.789716e-01	1.008996e+00	-1.885048e-03	-1.885048e-03	1.885048e-03	1.885048e-03
5.957751384703442e-01	-2.623492e-01	7.376508e-01	1.008994e+00	-2.178414e-03	-2.178414e-03	2.178414e-03	2.178414e-03
5.967517009703442e-01	-2.026826e-01	7.973174e-01	1.008992e+00	-2.414047e-03	-2.414047e-03	2.414047e-03	2.414047e-03
5.977282634703442e-01	-1.422532e-01	8.577468e-01	1.008989e+00	-2.591092e-03	-2.591092e-03	2.591092e-03	2.591092e-03
5.987048259703442e-01	-8.128840e-02	9.187116e-01	1.008987e+00	-2.708915e-03	-2.708915e-03	2.708915e-03	2.708915e-03
5.996813884703442e-01	-2.001762e-02	9.799824e-01	1.008984e+00	-2.767107e-03	-2.767107e-03	2.767107e-03	2.767107e-03
6.006579509703442e-01	4.132850e-02	1.041329e+00	1.008981e+00	-2.765480e-03	-2.765480e-03	2.765480e-03	2.765480e-03
6.016345134703442e-01	1.025191e-01	1.102519e+00	1.008979e+00	-2.704076e-03	-2.704076e-03	2.704076e-03	2.704076e-03
6.026110759703442e-01	1.633238e-01	1.163324e+00	1.008976e+00	-2.583156e-03	-2.583156e-03	2.583156e-03	2.583156e-03
6.035876384703442e-01	2.235138e-01	1.223514e+00	1.008974e+00	-2.403211e-03	-2.403211e-03	2.403211e-03	2.403211e-03
6.045642009703442e-01	2.828625e-01	1.282863e+00	1.008972e+00	-2.164949e-03	-2.164949e-03	2.164949e-03	2.164949e-03
6.055407634703442e-01	3.411466e-01	1.341147e+00	1.008970e+00	-1.869302e-03	-1.869302e-03	1.869302e-03	1.869302e-03
6.065173259703442e-01	3.981467e-01	1.398147e+00	1.008968e+00	-1.517416e-03	-1.517416e-03	1.517416e-03	1.517416e-03
6.074938884703442e-01	4.536483e-01	1.453648e+00	1.008967e+00	-1.110648e-03	-1.110648e-03	1.110648e-03	1.110648e-03
6.084704509703442e-01	5.074425e-01	1.507442e+00	1.008966e+00	-6.505618e-04	-6.505618e-04	6.505618e-04	6.505618e-04
6.094470134703442e-01	5.593267e-01	1.559327e+00	1.008965e+00	-1.389236e-04	-1.389236e-04	1.389236e-04	1.389236e-04
6.104235759703442e-01	6.091058e-01	1.609106e+00	1.008965e+00	4.223077e-04	4.223077e-04	-4.223077e-04	-4.223077e-04
6.114001384703442e-01	6.565923e-01	1.656592e+00	1.008966e+00	1.030986e-03	1.030986e-03	-1.030986e-03	-1.030986e-03
6.123767009703442e-01	7.016076e-01	1.701608e+00	1.008968e+00	1.684788e-03	1.684788e-03	-1.684788e-03	-1.684788e-03
6.133532634703442e-01	7.439821e-01	1.743982e+00	1.008970e+00	2.381218e-03	2.381218e-03	-2.381218e-03	-2.381218e-03
6.143298259703442e-01	7.835566e-01	1.783557e+00	1.008972e+00	3.117621e-03	3.117621e-03	-3.117621e-03	-3.117621e-03
6.153063884703442e-01	8.201818e-01	1.820182e+00	1.008976e+00	3.891192e-03	3.891192e-03	-3.891192e-03	-3.891192e-03
6.162829509703442e-01	8.537201e-01	1.853720e+00	1.008980e+00	4.698987e-03	4.698987e-03	-4.698987e-03	-4.698987e-03
6.172595134703442e-01	8.840452e-01	1.884045e+00	1.008985e+00	5.537929e-03	5.537929e-03	-5.537929e-03	-5.537929e-03
6.192126384703442e-01	9.346117e-01	1.934612e+00	1.008997e+00	7.296390e-03	7.296390e-03	-7.296390e-03	-7.296390e-03
6.211657634703442e-01	9.711207e-01	1.971121e+00	1.009013e+00	9.139854e-03	9.139854e-03	-9.139854e-03	-9.139854e-03
6.231188884703442e-01	9.930233e-01	1.993023e+00	1.009033e+00	1.104032e-02	1.104032e-02	-1.104032e-02	-1.104032e-02
6.250720134703442e-01	9.999897e-01	1.999990e+00	1.009057e+00	1.296894e-02	1.296894e-02	-1.296894e-02	-1.296894e-02
6.270251384703442e-01	9.919155e-01	1.991915e+00	1.009084e+00	1.489642e-02	1.489642e-02	-1.489642e-02	-1.489642e-02
6.289782634703442e-01	9.689219e-01	1.968922e+00	1.009115e+00	1.679350e-02	1.679350e-02	-1.679350e-02	-1.679350e-02
6.309313884703442e-01	9.313548e-01	1.931355e+00	1.009149e+00	1.863137e-02	1.863137e-02	-1.863137e-02	-1.863137e-02
6.328845134703442e-01	8.797793e-01	1.879779e+00	1.009187e+00	2.038211e-02	2.038211e-02	-2.038211e-02	-2.038211e-02
6.348376384703442e-01	8.149711e-01	1.814971e+00	1.009229e+00	2.201911e-02	2.201911e-02	-2.201911e-02	-2.201911e-02
6.367907634703442e-01	7.379049e-01	1.737905e+00	1.009273e+00	2.351748e-02	2.351748e-02	-2.351748e-02	-2.351748e-02
6.387438884703442e-01	6.497400e-01	1.649740e+00	1.009321e+00	2.485440e-02	2.485440e-02	-2.485440e-02	-2.485440e-02
6.406970134703442e-01	5.518024e-01	1.551802e+00	1.009370e+00	2.600948e-02	2.600948e-02	-2.600948e-02	-2.600948e-02
6.426501384703442e-01	4.455651e-01	1.445565e+00	1.009422e+00	2.696507e-02	2.696507e-02	-2.696507e-02	-2.696507e-02
6.446032634703442e-01	3.326262e-01	1.332626e+00	1.009475e+00	2.770652e-02	2.770652e-02	-2.770652e-02	-2.770652e-02
6.465563884703442e-01	2.146842e-01	1.214684e+00	1.009530e+00	2.822238e-02	2.822238e-02	-2.822238e-02	-2.822238e-02
6.485095134703442e-01	9.351320e-02	1.093513e+00	1.009586e+00	2.850464e-02	2.850464e-02	-2.850464e-02	-2.850464e-02
6.514392009703442e-01	-9.030447e-02	9.096955e-01	1.009669e+00	2.848106e-02	2.848106e-02	-2.848106e-02	-2.848106e-02
6.533923259703442e-01	-2.115359e-01	7.884641e-01	1.009725e+00	2.816729e-02	2.816729e-02	-2.816729e-02	-2.816729e-02
6.553454509703442e-01	-3.295856e-01	6.704144e-01	1.009779e+00	2.761975e-02	2.761975e-02	-2.761975e-02	-2.761975e-02
6.572985759703442e-01	-4.426780e-01	5.573220e-01	1.009832e+00	2.684638e-02	2.684638e-02	-2.684638e-02	-2.684638e-02
6.592517009703442e-01	-5.491121e-01	4.508879e-01	1.009884e+00	2.585853e-02	2.585853e-02	-2.585853e-02	-2.585853e-02
6.602282634703442e-01	-5.993275e-01	4.006725e-01	1.009909e+00	2.528861e-02	2.528861e-02	-2.528861e-02	-2.528861e-02
6.612048259703442e-01	-6.472871e-01	3.527129e-01	1.009933e+00	2.467077e-02	2.467077e-02	-2.467077e-02	-2.467077e-02
6.621813884703442e-01	-6.928105e-01	3.071895e-01	1.009957e+00	2.400731e-02	2.400731e-02	-2.400731e-02	-2.400731e-02
6.631579509703442e-01	-7.357263e-01	2.642737e-01	1.009980e+00	2.330068e-02	2.330068e-02	-2.330068e-02	-2.330068e-02
6.641345134703442e-01	-7.758730e-01	2.241270e-01	1.010002e+00	2.255351e-02	2.255351e-02	-2.255351e-02	-2.255351e-02
6.651110759703442e-01	-8.130995e-01	1.869005e-01	1.010024e+00	2.176857e-02	2.176857e-02	-2.176857e-02	-2.176857e-02
6.660876384703442e-01	-8.472657e-01	1.527344e-01	1.010045e+00	2.094879e-02	2.094879e-02	-2.094879e-02	-2.094879e-02
6.670642009703442e-01	-8.782429e-01	1.217571e-01	1.010065e+00	2.009721e-02	2.009721e-02	-2.009721e-02	-2.009721e-02
6.680407634703442e-01	-9.059146e-01	9.408540e-02	1.010084e+00	1.921700e-02	1.921700e-02	-1.921700e-02	-1.921700e-02
6.690173259703442e-01	-9.301767e-01	6.982332e-02	1.010103e+00	1.831144e-02	1.831144e-02	-1.831144e-02	-1.831144e-02
6.699938884703442e-01	-9.509378e-01	4.906221e-02	1.010120e+00	1.738390e-02	1.738390e-02	-1.738390e-02	-1.738390e-02
6.709704509703442e-01	-9.681197e-01	3.188023e-02	1.010136e+00	1.643783e-02	1.643783e-02	-1.643783e-02	-1.643783e-02
6.719470134703442e-01	-9.816580e-01	1.834203e-02	1.010152e+00	1.547677e-02	1.547677e-02	-1.547677e-02	-1.547677e-02
6.729235759703442e-01	-9.915015e-01	8.498567e-03	1.010167e+00	1.450428e-02	1.450428e-02	-1.450428e-02	-1.450428e-02
6.739001384703442e-01	-9.976131e-01	2.386893e-03	1.010180e+00	1.352400e-02	1.352400e-02	-1.352400e-02	-1.352400e-02
6.748767009703442e-01	-9.999700e-01	3.000868e-05	1.010193e+00	1.253957e-02	1.253957e-02	-1.253957e-02	-1.253957e-02
6.758532634703442e-01	-9.985632e-01	1.436786e-03	1.010205e+00	1.155467e-02	1.155467e-02	-1.155467e-02	-1.155467e-02
6.768298259703442e-01	-9.933981e-01	6.601929e-03	1.010216e+00	1.057297e-02	1.057297e-02	-1.057297e-02	-1.057297e-02
6.778063884703442e-01	-9.844940e-01	1.550600e-02	1.010225e+00	9.598121e-03	9.598121e-03	-9.598121e-03	-9.598121e-03
6.787829509703442e-01	-9.718845e-01	2.811548e-02	1.010234e+00	8.633757e-03	8.633757e-03	-8.633757e-03	-8.633757e-03
6.797595134703442e-01	-9.556171e-01	4.438292e-02	1.010242e+00	7.683474e-03	7.683474e-03	-7.683474e-03	-7.683474e-03
6.807360759703442e-01	-9.357529e-01	6.424708e-02	1.010249e+00	6.750809e-03	6.750809e-03	-6.750809e-03	-6.750809e-03
6.817126384703442e-01	-9.123668e-01	8.763321e-02	1.010255e+00	5.839238e-03	5.839238e-03	-5.839238e-03	-5.839238e-03
6.826892009703442e-01	-8.855467e-01	1.144533e-01	1.010261e+00	4.952154e-03	4.952154e-03	-4.952154e-03	-4.952154e-03
6.836657634703442e-01	-8.553936e-01	1.446063e-01	1.010265e+00	4.092858e-03	4.092858e-03	-4.092858e-03	-4.092858e-03
6.846423259703442e-01	-8.220211e-01	1.779789e-01	1.010269e+00	3.264549e-03	3.264549e-03	-3.264549e-03	-3.264549e-03
6.856188884703442e-01	-7.855546e-01	2.144454e-01	1.010272e+00	2.470306e-03	2.470306e-03	-2.470306e-03	-2.470306e-03
6.865954509703442e-01	-7.461315e-01	2.538685e-01	1.010274e+00	1.713082e-03	1.713082e-03	-1.713082e-03	-1.713082e-03
6.875720134703442e-01	-7.039001e-01	2.960999e-01	1.010275e+00	9.956905e-04	9.956905e-04	-9.956905e-04	-9.956905e-04
6.885485759703442e-01	-6.590194e-01	3.409806e-01	1.010276e+00	3.207935e-04	3.207935e-04	-3.207935e-04	-3.207935e-04
6.895251384703442e-01	-6.116582e-01	3.883418e-01	1.010276e+00	-3.091055e-04	-3.091055e-04	3.091055e-04	3.091055e-04
6.905017009703442e-01	-5.619950e-01	4.380050e-01	1.010275e+00	-8.916730e-04	-8.916730e-04	8.916730e-04	8.916730e-04
6.914782634703442e-01	-5.102165e-01	4.897835e-01	1.010274e+00	-1.424754e-03	-1.424754e-03	1.424754e-03	1.424754e-03
6.924548259703442e-01	-4.565177e-01	5.434823e-01	1.010272e+00	-1.906378e-03	-1.906378e-03	1.906378e-03	1.906378e-03
6.934313884703442e-01	-4.011006e-01	5.988994e-01	1.010270e+00	-2.334772e-03	-2.334772e-03	2.334772e-03	2.334772e-03
6.944079509703442e-01	-3.441739e-01	6.558261e-01	1.010268e+00	-2.708359e-03	-2.708359e-03	2.708359e-03	2.708359e-03
6.953845134703442e-01	-2.859518e-01	7.140482e-01	1.010265e+00	-3.025771e-03	-3.025771e-03	3.025771e-03	3.025771e-03
6.963610759703442e-01	-2.266535e-01	7.733465e-01	1.010262e+00	-3.285850e-03	-3.285850e-03	3.285850e-03	3.285850e-03
6.973376384703442e-01	-1.665020e-01	8.334979e-01	1.010259e+00	-3.487657e-03	-3.487657e-03	3.487657e-03	3.487657e-03
6.983142009703442e-01	-1.057239e-01	8.942761e-01	1.010255e+00	-3.630467e-03	-3.630467e-03	3.630467e-03	3.630467e-03
6.992907634703442e-01	-4.454790e-02	9.554521e-01	1.010252e+00	-3.713782e-03	-3.713782e-03	3.713782e-03	3.713782e-03
7.002673259703442e-01	1.679580e-02	1.016796e+00	1.010248e+00	-3.737326e-03	-3.737326e-03	3.737326e-03	3.737326e-03
7.012438884703442e-01	7.807627e-02	1.078076e+00	1.010244e+00	-3.701048e-03	-3.701048e-03	3.701048e-03	3.701048e-03
7.022204509703442e-01	1.390629e-01	1.139063e+00	1.010241e+00	-3.605122e-03	-3.605122e-03	3.605122e-03	3.605122e-03
7.031970134703442e-01	1.995261e-01	1.199526e+00	1.010237e+00	-3.449946e-03	-3.449946e-03	3.449946e-03	3.449946e-03
7.041735759703442e-01	2.592384e-01	1.259238e+00	1.010234e+00	-3.236143e-03	-3.236143e-03	3.236143e-03	3.236143e-03
7.051501384703442e-01	3.179749e-01	1.317975e+00	1.010231e+00	-2.964555e-03	-2.964555e-03	2.964555e-03	2.964555e-03
7.061267009703442e-01	3.755146e-01	1.375515e+00	1.010228e+00	-2.636243e-03	-2.636243e-03	2.636243e-03	2.636243e-03
7.071032634703442e-01	4.316410e-01	1.431641e+00	1.010226e+00	-2.252480e-03	-2.252480e-03	2.252480e-03	2.252480e-03
7.080798259703442e-01	4.861428e-01	1.486143e+00	1.010224e+00	-1.814748e-03	-1.814748e-03	1.814748e-03	1.814748e-03
7.090563884703442e-01	5.388149e-01	1.538815e+00	1.010222e+00	-1.324733e-03	-1.324733e-03	1.324733e-03	1.324733e-03
7.100329509703442e-01	5.894589e-01	1.589459e+00	1.010221e+00	-7.843178e-04	-7.843178e-04	7.843178e-04	7.843178e-04
7.110095134703442e-01	6.378844e-01	1.637884e+00	1.010221e+00	-1.955739e-04	-1.955739e-04	1.955739e-04	1.955739e-04
7.119860759703442e-01	6.839091e-01	1.683909e+00	1.010221e+00	4.392444e-04	4.392444e-04	-4.392444e-04	-4.392444e-04
7.129626384703442e-01	7.273597e-01	1.727360e+00	1.010222e+00	1.117710e-03	1.117710e-03	-1.117710e-03	-1.117710e-03
7.139392009703442e-01	7.680726e-01	1.768073e+00	1.010223e+00	1.837230e-03	1.837230e-03	-1.837230e-03	-1.837230e-03
7.149157634703442e-01	8.058947e-01	1.805895e+00	1.010225e+00	2.595059e-03	2.595059e-03	-2.595059e-03	-2.595059e-03
7.158923259703442e-01	8.406836e-01	1.840684e+00	1.010228e+00	3.388306e-03	3.388306e-03	-3.388306e-03	-3.388306e-03
7.168688884703442e-01	8.723083e-01	1.872308e+00	1.010232e+00	4.213946e-03	4.213946e-03	-4.213946e-03	-4.213946e-03
7.178454509703442e-01	9.006499e-01	1.900650e+00	1.010236e+00	5.068835e-03	5.068835e-03	-5.068835e-03	-5.068835e-03
7.197985759703442e-01	9.470696e-01	1.947070e+00	1.010248e+00	6.853235e-03	6.853235e-03	-6.853235e-03	-6.853235e-03
7.217517009703442e-01	9.792445e-01	1.979244e+00	1.010263e+00	8.714357e-03	8.714357e-03	-8.714357e-03	-8.714357e-03
7.237048259703442e-01	9.966906e-01	1.996691e+00	1.010282e+00	1.062390e-02	1.062390e-02	-1.062390e-02	-1.062390e-02
7.256579509703442e-01	9.991456e-01	1.999146e+00	1.010305e+00	1.255284e-02	1.255284e-02	-1.255284e-02	-1.255284e-02
7.276110759703442e-01	9.865725e-01	1.986573e+00	1.010331e+00	1.447184e-02	1.447184e-02	-1.447184e-02	-1.447184e-02
7.295642009703442e-01	9.591604e-01	1.959160e+00	1.010361e+00	1.635173e-02	1.635173e-02	-1.635173e-02	-1.635173e-02
7.315173259703442e-01	9.173217e-01	1.917322e+00	1.010395e+00	1.816393e-02	1.816393e-02	-1.816393e-02	-1.816393e-02
7.334704509703442e-01	8.616856e-01	1.861686e+00	1.010432e+00	1.988087e-02	1.988087e-02	-1.988087e-02	-1.988087e-02
7.354235759703442e-01	7.930890e-01	1.793089e+00	1.010473e+00	2.147641e-02	2.147641e-02	-2.147641e-02	-2.147641e-02
7.373767009703442e-01	7.125635e-01	1.712564e+00	1.010516e+00	2.292623e-02	2.292623e-02	-2.292623e-02	-2.292623e-02
7.393298259703442e-01	6.213205e-01	1.621320e+00	1.010562e+00	2.420823e-02	2.420823e-02	-2.420823e-02	-2.420823e-02
7.412829509703442e-01	5.207322e-01	1.520732e+00	1.010610e+00	2.530279e-02	2.530279e-02	-2.530279e-02	-2.530279e-02
7.432360759703442e-01	4.123116e-01	1.412312e+00	1.010661e+00	2.619314e-02	2.619314e-02	-2.619314e-02	-2.619314e-02
7.451892009703442e-01	2.976894e-01	1.297689e+00	1.010713e+00	2.686558e-02	2.686558e-02	-2.686558e-02	-2.686558e-02
7.471423259703442e-01	1.785897e-01	1.178590e+00	1.010765e+00	2.730967e-02	2.730967e-02	-2.730967e-02	-2.730967e-02
7.490954509703442e-01	5.680390e-02	1.056804e+00	1.010819e+00	2.751841e-02	2.751841e-02	-2.751841e-02	-2.751841e-02
7.510485759703442e-01	-6.583632e-02	9.341637e-01	1.010873e+00	2.748835e-02	2.748835e-02	-2.748835e-02	-2.748835e-02
7.530017009703442e-01	-1.874863e-01	8.125137e-01	1.010926e+00	2.721963e-02	2.721963e-02	-2.721963e-02	-2.721963e-02
7.549548259703442e-01	-3.063163e-01	6.936837e-01	1.010979e+00	2.671595e-02	2.671595e-02	-2.671595e-02	-2.671595e-02
7.569079509703442e-01	-4.205390e-01	5.794610e-01	1.011030e+00	2.598459e-02	2.598459e-02	-2.598459e-02	-2.598459e-02
7.588610759703442e-01	-5.284365e-01	4.715635e-01	1.011080e+00	2.503621e-02	2.503621e-02	-2.503621e-02	-2.503621e-02
7.598376384703442e-01	-5.795016e-01	4.204984e-01	1.011104e+00	2.448488e-02	2.448488e-02	-2.448488e-02	-2.448488e-02
7.608142009703442e-01	-6.283857e-01	3.716143e-01	1.011128e+00	2.388477e-02	2.388477e-02	-2.388477e-02	-2.388477e-02
7.617907634703442e-01	-6.749047e-01	3.250953e-01	1.011151e+00	2.323809e-02	2.323809e-02	-2.323809e-02	-2.323809e-02
7.627673259703442e-01	-7.188835e-01	2.811165e-01	1.011173e+00	2.254725e-02	2.254725e-02	-2.254725e-02	-2.254725e-02
7.637438884703442e-01	-7.601565e-01	2.398435e-01	1.011195e+00	2.181480e-02	2.181480e-02	-2.181480e-02	-2.181480e-02
7.647204509703442e-01	-7.985685e-01	2.014315e-01	1.011216e+00	2.104345e-02	2.104345e-02	-2.104345e-02	-2.104345e-02
7.656970134703442e-01	-8.339749e-01	1.660251e-01	1.011236e+00	2.023608e-02	2.023608e-02	-2.023608e-02	-2.023608e-02
7.666735759703442e-01	-8.662424e-01	1.337576e-01	1.011256e+00	1.939567e-02	1.939567e-02	-1.939567e-02	-1.939567e-02
7.676501384703442e-01	-8.952495e-01	1.047505e-01	1.011274e+00	1.852536e-02	1.852536e-02	-1.852536e-02	-1.852536e-02
7.686267009703442e-01	-9.208872e-01	7.911285e-02	1.011292e+00	1.762837e-02	1.762837e-02	-1.762837e-02	-1.762837e-02
7.696032634703442e-01	-9.430588e-01	5.694124e-02	1.011308e+00	1.670805e-02	1.670805e-02	-1.670805e-02	-1.670805e-02
7.705798259703442e-01	-9.616809e-01	3.831909e-02	1.011324e+00	1.576781e-02	1.576781e-02	-1.576781e-02	-1.576781e-02
7.715563884703442e-01	-9.766835e-01	2.331649e-02	1.011339e+00	1.481115e-02	1.481115e-02	-1.481115e-02	-1.481115e-02
7.725329509703442e-01	-9.880101e-01	1.198990e-02	1.011353e+00	1.384163e-02	1.384163e-02	-1.384163e-02	-1.384163e-02
7.735095134703442e-01	-9.956180e-01	4.381960e-03	1.011366e+00	1.286287e-02	1.286287e-02	-1.286287e-02	-1.286287e-02
7.744860759703442e-01	-9.994787e-01	5.213026e-04	1.011378e+00	1.187850e-02	1.187850e-02	-1.187850e-02	-1.187850e-02
7.754626384703442e-01	-9.995775e-01	4.224571e-04	1.011389e+00	1.089219e-02	1.089219e-02	-1.089219e-02	-1.089219e-02
7.764392009703442e-01	-9.959142e-01	4.085796e-03	1.011400e+00	9.907608e-03	9.907608e-03	-9.907608e-03	-9.907608e-03
7.774157634703442e-01	-9.885024e-01	1.149753e-02	1.011409e+00	8.928420e-03	8.928420e-03	-8.928420e-03	-8.928420e-03
7.783923259703442e-01	-9.773703e-01	2.262977e-02	1.011417e+00	7.958271e-03	7.958271e-03	-7.958271e-03	-7.958271e-03
7.793688884703442e-01	-9.625594e-01	3.744060e-02	1.011424e+00	7.000770e-03	7.000770e-03	-7.000770e-03	-7.000770e-03
7.803454509703442e-01	-9.441257e-01	5.587430e-02	1.011431e+00	6.059482e-03	6.059482e-03	-6.059482e-03	-6.059482e-03
7.813220134703442e-01	-9.221385e-01	7.786147e-02	1.011436e+00	5.137906e-03	5.137906e-03	-5.137906e-03	-5.137906e-03
7.822985759703442e-01	-8.966807e-01	1.033194e-01	1.011441e+00	4.239472e-03	4.239472e-03	-4.239472e-03	-4.239472e-03
7.832751384703442e-01	-8.678479e-01	1.321521e-01	1.011444e+00	3.367518e-03	3.367518e-03	-3.367518e-03	-3.367518e-03
7.842517009703442e-01	-8.357487e-01	1.642513e-01	1.011447e+00	2.525286e-03	2.525286e-03	-2.525286e-03	-2.525286e-03
7.852282634703442e-01	-8.005039e-01	1.994961e-01	1.011449e+00	1.715904e-03	1.715904e-03	-1.715904e-03	-1.715904e-03
7.862048259703442e-01	-7.622463e-01	2.377537e-01	1.011451e+00	9.423775e-04	9.423775e-04	-9.423775e-04	-9.423775e-04
7.871813884703442e-01	-7.211197e-01	2.788803e-01	1.011451e+00	2.075761e-04	2.075761e-04	-2.075761e-04	-2.075761e-04
7.881579509703442e-01	-6.772790e-01	3.227210e-01	1.011451e+00	-4.857760e-04	-4.857760e-04	4.857760e-04	4.857760e-04
7.891345134703442e-01	-6.308891e-01	3.691109e-01	1.011450e+00	-1.135111e-03	-1.135111e-03	1.135111e-03	1.135111e-03
7.901110759703442e-01	-5.821248e-01	4.178752e-01	1.011449e+00	-1.738025e-03	-1.738025e-03	1.738025e-03	1.738025e-03
7.910876384703442e-01	-5.311694e-01	4.688306e-01	1.011447e+00	-2.292292e-03	-2.292292e-03	2.292292e-03	2.292292e-03
7.920642009703442e-01	-4.782149e-01	5.217851e-01	1.011445e+00	-2.795867e-03	-2.795867e-03	2.795867e-03	2.795867e-03
7.930407634703442e-01	-4.234604e-01	5.765396e-01	1.011442e+00	-3.246896e-03	-3.246896e-03	3.246896e-03	3.246896e-03
7.940173259703442e-01	-3.671122e-01	6.328878e-01	1.011438e+00	-3.643722e-03	-3.643722e-03	3.643722e-03	3.643722e-03
7.949938884703442e-01	-3.093822e-01	6.906178e-01	1.011434e+00	-3.984896e-03	-3.984896e-03	3.984896e-03	3.984896e-03
7.959704509703442e-01	-2.504877e-01	7.495123e-01	1.011431e+00	-4.269173e-03	-4.269173e-03	4.269173e-03	4.269173e-03
7.969470134703442e-01	-1.906505e-01	8.093495e-01	1.011426e+00	-4.495526e-03	-4.495526e-03	4.495526e-03	4.495526e-03
7.979235759703442e-01	-1.300958e-01	8.699042e-01	1.011422e+00	-4.663145e-03	-4.663145e-03	4.663145e-03	4.663145e-03
7.989001384703442e-01	-6.905135e-02	9.309487e-01	1.011417e+00	-4.771440e-03	-4.771440e-03	4.771440e-03	4.771440e-03
7.998767009703442e-01	-7.747029e-03	9.922529e-01	1.011412e+00	-4.820046e-03	-4.820046e-03	4.820046e-03	4.820046e-03
8.008532634703442e-01	5.358645e-02	1.053586e+00	1.011408e+00	-4.808823e-03	-4.808823e-03	4.808823e-03	4.808823e-03
8.018298259703442e-01	1.147182e-01	1.114718e+00	1.011403e+00	-4.737854e-03	-4.737854e-03	4.737854e-03	4.737854e-03
8.028063884703442e-01	1.754182e-01	1.175418e+00	1.011398e+00	-4.607448e-03	-4.607448e-03	4.607448e-03	4.607448e-03
8.037829509703442e-01	2.354580e-01	1.235458e+00	1.011394e+00	-4.418138e-03	-4.418138e-03	4.418138e-03	4.418138e-03
8.047595134703442e-01	2.946116e-01	1.294612e+00	1.011390e+00	-4.170679e-03	-4.170679e-03	4.170679e-03	4.170679e-03
8.057360759703442e-01	3.526563e-01	1.352656e+00	1.011386e+00	-3.866045e-03	-3.866045e-03	3.866045e-03	3.866045e-03
8.067126384703442e-01	4.093737e-01	1.409374e+00	1.011382e+00	-3.505424e-03	-3.505424e-03	3.505424e-03	3.505424e-03
8.076892009703442e-01	4.645503e-01	1.464550e+00	1.011379e+00	-3.090216e-03	-3.090216e-03	3.090216e-03	3.090216e-03
8.086657634703442e-01	5.179785e-01	1.517978e+00	1.011376e+00	-2.622025e-03	-2.622025e-03	2.622025e-03	2.622025e-03
8.096423259703442e-01	5.694571e-01	1.569457e+00	1.011374e+00	-2.102657e-03	-2.102657e-03	2.102657e-03	2.102657e-03
8.106188884703442e-01	6.187924e-01	1.618792e+00	1.011372e+00	-1.534107e-03	-1.534107e-03	1.534107e-03	1.534107e-03
8.115954509703442e-01	6.657986e-01	1.665799e+00	1.011371e+00	-9.185598e-04	-9.185598e-04	9.185598e-04	9.185598e-04
8.125720134703442e-01	7.102990e-01	1.710299e+00	1.011370e+00	-2.583731e-04	-2.583731e-04	2.583731e-04	2.583731e-04
8.135485759703442e-01	7.521260e-01	1.752126e+00	1.011371e+00	4.439256e-04	4.439256e-04	-4.439256e-04	-4.439256e-04
8.145251384703442e-01	7.911221e-01	1.791122e+00	1.011371e+00	1.185650e-03	1.185650e-03	-1.185650e-03	-1.185650e-03
8.155017009703442e-01	8.271406e-01	1.827141e+00	1.011373e+00	1.963967e-03	1.963967e-03	-1.963967e-03	-1.963967e-03
8.164782634703442e-01	8.600460e-01	1.860046e+00	1.011375e+00	2.775904e-03	2.775904e-03	-2.775904e-03	-2.775904e-03
8.174548259703442e-01	8.897144e-01	1.889714e+00	1.011378e+00	3.618362e-03	3.618362e-03	-3.618362e-03	-3.618362e-03
8.184313884703442e-01	9.160340e-01	1.916034e+00	1.011382e+00	4.488127e-03	4.488127e-03	-4.488127e-03	-4.488127e-03
8.203845134703442e-01	9.582440e-01	1.958244e+00	1.011393e+00	6.296227e-03	6.296227e-03	-6.296227e-03	-6.296227e-03
8.223376384703442e-01	9.860411e-01	1.986041e+00	1.011407e+00	8.172666e-03	8.172666e-03	-8.172666e-03	-8.172666e-03
8.242907634703442e-01	9.990072e-01	1.999007e+00	1.011425e+00	1.008888e-02	1.008888e-02	-1.008888e-02	-1.008888e-02
8.262438884703442e-01	9.969474e-01	1.996947e+00	1.011446e+00	1.201570e-02	1.201570e-02	-1.201570e-02	-1.201570e-02
8.281970134703442e-01	9.798925e-01	1.979892e+00	1.011472e+00	1.392380e-02	1.392380e-02	-1.392380e-02	-1.392380e-02
8.301501384703442e-01	9.480991e-01	1.948099e+00	1.011501e+00	1.578414e-02	1.578414e-02	-1.578414e-02	-1.578414e-02
8.321032634703442e-01	9.020455e-01	1.902045e+00	1.011533e+00	1.756840e-02	1.756840e-02	-1.756840e-02	-1.756840e-02
8.340563884703442e-01	8.424242e-01	1.842424e+00	1.011569e+00	1.924939e-02	1.924939e-02	-1.924939e-02	-1.924939e-02
8.360095134703442e-01	7.701321e-01	1.770132e+00	1.011608e+00	2.080148e-02	2.080148e-02	-2.080148e-02	-2.080148e-02
8.379626384703442e-01	6.862565e-01	1.686256e+00	1.011650e+00	2.220098e-02	2.220098e-02	-2.220098e-02	-2.220098e-02
8.399157634703442e-01	5.920589e-01	1.592059e+00	1.011695e+00	2.342649e-02	2.342649e-02	-2.342649e-02	-2.342649e-02
8.418688884703442e-01	4.889562e-01	1.488956e+00	1.011742e+00	2.445924e-02	2.445924e-02	-2.445924e-02	-2.445924e-02
8.438220134703442e-01	3.784992e-01	1.378499e+00	1.011790e+00	2.528334e-02	2.528334e-02	-2.528334e-02	-2.528334e-02
8.457751384703442e-01	2.623492e-01	1.262349e+00	1.011840e+00	2.588604e-02	2.588604e-02	-2.588604e-02	-2.588604e-02
8.477282634703442e-01	1.422532e-01	1.142253e+00	1.011891e+00	2.625793e-02	2.625793e-02	-2.625793e-02	-2.625793e-02
8.496813884703442e-01	2.001762e-02	1.020018e+00	1.011943e+00	2.639307e-02	2.639307e-02	-2.639307e-02	-2.639307e-02
8.516345134703442e-01	-1.025191e-01	8.974809e-01	1.011994e+00	2.628908e-02	2.628908e-02	-2.628908e-02	-2.628908e-02
8.535876384703442e-01	-2.235138e-01	7.764862e-01	1.012045e+00	2.594716e-02	2.594716e-02	-2.594716e-02	-2.594716e-02
8.555407634703442e-01	-3.411466e-01	6.588534e-01	1.012095e+00	2.537211e-02	2.537211e-02	-2.537211e-02	-2.537211e-02
8.574938884703442e-01	-4.536483e-01	5.463517e-01	1.012144e+00	2.457222e-02	2.457222e-02	-2.457222e-02	-2.457222e-02
8.594470134703442e-01	-5.593267e-01	4.406733e-01	1.012191e+00	2.355917e-02	2.355917e-02	-2.355917e-02	-2.355917e-02
8.604235759703442e-01	-6.091058e-01	3.908942e-01	1.012214e+00	2.297724e-02	2.297724e-02	-2.297724e-02	-2.297724e-02
8.614001384703442e-01	-6.565923e-01	3.434077e-01	1.012236e+00	2.234785e-02	2.234785e-02	-2.234785e-02	-2.234785e-02
8.623767009703442e-01	-7.016076e-01	2.983924e-01	1.012258e+00	2.167331e-02	2.167331e-02	-2.167331e-02	-2.167331e-02
8.633532634703442e-01	-7.439821e-01	2.560178e-01	1.012278e+00	2.095612e-02	2.095612e-02	-2.095612e-02	-2.095612e-02
8.643298259703442e-01	-7.835566e-01	2.164434e-01	1.012299e+00	2.019893e-02	2.019893e-02	-2.019893e-02	-2.019893e-02
8.653063884703442e-01	-8.201818e-01	1.798182e-01	1.012318e+00	1.940455e-02	1.940455e-02	-1.940455e-02	-1.940455e-02
8.662829509703442e-01	-8.537201e-01	1.462799e-01	1.012336e+00	1.857593e-02	1.857593e-02	-1.857593e-02	-1.857593e-02
8.672595134703442e-01	-8.840452e-01	1.159548e-01	1.012354e+00	1.771614e-02	1.771614e-02	-1.771614e-02	-1.771614e-02
8.682360759703442e-01	-9.110429e-01	8.895709e-02	1.012371e+00	1.682836e-02	1.682836e-02	-1.682836e-02	-1.682836e-02
8.692126384703442e-01	-9.346117e-01	6.538833e-02	1.012387e+00	1.591591e-02	1.591591e-02	-1.591591e-02	-1.591591e-02
8.701892009703442e-01	-9.546628e-01	4.533723e-02	1.012402e+00	1.498216e-02	1.498216e-02	-1.498216e-02	-1.498216e-02
8.711657634703442e-01	-9.711207e-01	2.887926e-02	1.012416e+00	1.403059e-02	1.403059e-02	-1.403059e-02	-1.403059e-02
8.721423259703442e-01	-9.839236e-01	1.607637e-02	1.012429e+00	1.306473e-02	1.306473e-02	-1.306473e-02	-1.306473e-02
8.731188884703442e-01	-9.930233e-01	6.976751e-03	1.012442e+00	1.208817e-02	1.208817e-02	-1.208817e-02	-1.208817e-02
8.740954509703442e-01	-9.983854e-01	1.614645e-03	1.012453e+00	1.110455e-02	1.110455e-02	-1.110455e-02	-1.110455e-02
8.750720134703442e-01	-9.999897e-01	1.023662e-05	1.012463e+00	1.011753e-02	1.011753e-02	-1.011753e-02	-1.011753e-02
8.760485759703442e-01	-9.978305e-01	2.169564e-03	1.012473e+00	9.130762e-03	9.130762e-03	-9.130762e-03	-9.130762e-03
8.770251384703442e-01	-9.919155e-01	8.084499e-03	1.012481e+00	8.147927e-03	8.147927e-03	-8.147927e-03	-8.147927e-03
8.780017009703442e-01	-9.822672e-01	1.773278e-02	1.012489e+00	7.172678e-03	7.172678e-03	-7.172678e-03	-7.172678e-03
8.789782634703442e-01	-9.689219e-01	3.107809e-02	1.012495e+00	6.208640e-03	6.208640e-03	-6.208640e-03	-6.208640e-03
8.799548259703442e-01	-9.519298e-01	4.807021e-02	1.012501e+00	5.259396e-03	5.259396e-03	-5.259396e-03	-5.259396e-03
8.809313884703442e-01	-9.313548e-01	6.864518e-02	1.012506e+00	4.328473e-03	4.328473e-03	-4.328473e-03	-4.328473e-03
8.819079509703442e-01	-9.072744e-01	9.272555e-02	1.012509e+00	3.419332e-03	3.419332e-03	-3.419332e-03	-3.419332e-03
8.828845134703442e-01	-8.797793e-01	1.202207e-01	1.012512e+00	2.535348e-03	2.535348e-03	-2.535348e-03	-2.535348e-03
8.838610759703442e-01	-8.489729e-01	1.510271e-01	1.012514e+00	1.679803e-03	1.679803e-03	-1.679803e-03	-1.679803e-03
8.848376384703442e-01	-8.149711e-01	1.850289e-01	1.012516e+00	8.558715e-04	8.558715e-04	-8.558715e-04	-8.558715e-04
8.858142009703442e-01	-7.779019e-01	2.220981e-01	1.012516e+00	6.661044e-05	6.661044e-05	-6.661044e-05	-6.661044e-05
8.867907634703442e-01	-7.379049e-01	2.620951e-01	1.012516e+00	-6.850554e-04	-6.850554e-04	6.850554e-04	6.850554e-04
8.877673259703442e-01	-6.951306e-01	3.048694e-01	1.012515e+00	-1.396342e-03	-1.396342e-03	1.396342e-03	1.396342e-03
8.887438884703442e-01	-6.497400e-01	3.502600e-01	1.012513e+00	-2.064618e-03	-2.064618e-03	2.064618e-03	2.064618e-03
8.897204509703442e-01	-6.019039e-01	3.980961e-01	1.012511e+00	-2.687414e-03	-2.687414e-03	2.687414e-03	2.687414e-03
8.906970134703442e-01	-5.518024e-01	4.481976e-01	1.012508e+00	-3.262430e-03	-3.262430e-03	3.262430e-03	3.262430e-03
8.916735759703442e-01	-4.996240e-01	5.003760e-01	1.012504e+00	-3.787548e-03	-3.787548e-03	3.787548e-03	3.787548e-03
8.926501384703442e-01	-4.455651e-01	5.544349e-01	1.012500e+00	-4.260838e-03	-4.260838e-03	4.260838e-03	4.260838e-03
8.936267009703442e-01	-3.898293e-01	6.101707e-01	1.012496e+00	-4.680562e-03	-4.680562e-03	4.680562e-03	4.680562e-03
8.946032634703442e-01	-3.326262e-01	6.673738e-01	1.012491e+00	-5.045188e-03	-5.045188e-03	5.045188e-03	5.045188e-03
8.955798259703442e-01	-2.741711e-01	7.258288e-01	1.012486e+00	-5.353387e-03	-5.353387e-03	5.353387e-03	5.353387e-03
8.965563884703442e-01	-2.146842e-01	7.853158e-01	1.012481e+00	-5.604048e-03	-5.604048e-03	5.604048e-03	5.604048e-03
8.975329509703442e-01	-1.543892e-01	8.456107e-01	1.012475e+00	-5.796270e-03	-5.796270e-03	5.796270e-03	5.796270e-03
8.985095134703442e-01	-9.351320e-02	9.064868e-01	1.012470e+00	-5.929376e-03	-5.929376e-03	5.929376e-03	5.929376e-03
8.994860759703442e-01	-3.228519e-02	9.677148e-01	1.012464e+00	-6.002912e-03	-6.002912e-03	6.002912e-03	6.002912e-03
9.004626384703442e-01	2.906434e-02	1.029064e+00	1.012458e+00	-6.016647e-03	-6.016647e-03	6.016647e-03	6.016647e-03
9.014392009703442e-01	9.030447e-02	1.090304e+00	1.012452e+00	-5.970573e-03	-5.970573e-03	5.970573e-03	5.970573e-03
9.024157634703442e-01	1.512047e-01	1.151205e+00	1.012446e+00	-5.864911e-03	-5.864911e-03	5.864911e-03	5.864911e-03
9.033923259703442e-01	2.115359e-01	1.211536e+00	1.012441e+00	-5.700104e-03	-5.700104e-03	5.700104e-03	5.700104e-03
9.043688884703442e-01	2.710708e-01	1.271071e+00	1.012435e+00	-5.476819e-03	-5.476819e-03	5.476819e-03	5.476819e-03
9.053454509703442e-01	3.295856e-01	1.329586e+00	1.012430e+00	-5.195942e-03	-5.195942e-03	5.195942e-03	5.195942e-03
9.063220134703442e-01	3.868598e-01	1.386860e+00	1.012425e+00	-4.858575e-03	-4.858575e-03	4.858575e-03	4.858575e-03
9.072985759703442e-01	4.426780e-01	1.442678e+00	1.012421e+00	-4.466036e-03	-4.466036e-03	4.466036e-03	4.466036e-03
9.082751384703442e-01	4.968300e-01	1.496830e+00	1.012416e+00	-4.019847e-03	-4.019847e-03	4.019847e-03	4.019847e-03
9.092517009703442e-01	5.491121e-01	1.549112e+00	1.012413e+00	-3.521733e-03	-3.521733e-03	3.521733e-03	3.521733e-03
9.102282634703442e-01	5.993275e-01	1.599327e+00	1.012409e+00	-2.973616e-03	-2.973616e-03	2.973616e-03	2.973616e-03
9.112048259703442e-01	6.472871e-01	1.647287e+00	1.012407e+00	-2.377605e-03	-2.377605e-03	2.377605e-03	2.377605e-03
9.121813884703442e-01	6.928105e-01	1.692811e+00	1.012405e+00	-1.735989e-03	-1.735989e-03	1.735989e-03	1.735989e-03
9.131579509703442e-01	7.357263e-01	1.735726e+00	1.012403e+00	-1.051230e-03	-1.051230e-03	1.051230e-03	1.051230e-03
9.141345134703442e-01	7.758730e-01	1.775873e+00	1.012403e+00	-3.259507e-04	-3.259507e-04	3.259507e-04	3.259507e-04
9.151110759703442e-01	8.130995e-01	1.813100e+00	1.012403e+00	4.370725e-04	4.370725e-04	-4.370725e-04	-4.370725e-04
9.160876384703442e-01	8.472657e-01	1.847266e+00	1.012404e+00	1.234922e-03	1.234922e-03	-1.234922e-03	-1.234922e-03
9.170642009703442e-01	8.782429e-01	1.878243e+00	1.012405e+00	2.064547e-03	2.064547e-03	-2.064547e-03	-2.064547e-03
9.180407634703442e-01	9.059146e-01	1.905915e+00	1.012408e+00	2.922779e-03	2.922779e-03	-2.922779e-03	-2.922779e-03
9.190173259703442e-01	9.301767e-01	1.930177e+00	1.012411e+00	3.806343e-03	3.806343e-03	-3.806343e-03	-3.806343e-03
9.209704509703442e-01	9.681197e-01	1.968120e+00	1.012420e+00	5.635892e-03	5.635892e-03	-5.635892e-03	-5.635892e-03
9.229235759703442e-01	9.915015e-01	1.991501e+00	1.012433e+00	7.525303e-03	7.525303e-03	-7.525303e-03	-7.525303e-03
9.248767009703442e-01	9.999700e-01	1.999970e+00	1.012450e+00	9.445786e-03	9.445786e-03	-9.445786e-03	-9.445786e-03
9.268298259703442e-01	9.933981e-01	1.993398e+00	1.012470e+00	1.136808e-02	1.136808e-02	-1.136808e-02	-1.136808e-02
9.287829509703442e-01	9.718845e-01	1.971884e+00	1.012494e+00	1.326290e-02	1.326290e-02	-1.326290e-02	-1.326290e-02
9.307360759703442e-01	9.357529e-01	1.935753e+00	1.012522e+00	1.510137e-02	1.510137e-02	-1.510137e-02	-1.510137e-02
9.326892009703442e-01	8.855467e-01	1.885547e+00	1.012553e+00	1.685547e-02	1.685547e-02	-1.685547e-02	-1.685547e-02
9.346423259703442e-01	8.220211e-01	1.822021e+00	1.012588e+00	1.849843e-02	1.849843e-02	-1.849843e-02	-1.849843e-02
9.365954509703442e-01	7.461315e-01	1.746131e+00	1.012625e+00	2.000517e-02	2.000517e-02	-2.000517e-02	-2.000517e-02
9.385485759703442e-01	6.590194e-01	1.659019e+00	1.012666e+00	2.135265e-02	2.135265e-02	-2.135265e-02	-2.135265e-02
9.405017009703442e-01	5.619950e-01	1.561995e+00	1.012708e+00	2.252023e-02	2.252023e-02	-2.252023e-02	-2.252023e-02
9.424548259703442e-01	4.565177e-01	1.456518e+00	1.012753e+00	2.348996e-02	2.348996e-02	-2.348996e-02	-2.348996e-02
9.444079509703442e-01	3.441739e-01	1.344174e+00	1.012800e+00	2.424689e-02	2.424689e-02	-2.424689e-02	-2.424689e-02
9.463610759703442e-01	2.266535e-01	1.226653e+00	1.012848e+00	2.477924e-02	2.477924e-02	-2.477924e-02	-2.477924e-02
9.483142009703442e-01	1.057239e-01	1.105724e+00	1.012897e+00	2.507864e-02	2.507864e-02	-2.507864e-02	-2.507864e-02
9.512438884703442e-01	-7.807627e-02	9.219237e-01	1.012970e+00	2.508124e-02	2.508124e-02	-2.508124e-02	-2.508124e-02
9.531970134703442e-01	-1.995261e-01	8.004739e-01	1.013019e+00	2.478471e-02	2.478471e-02	-2.478471e-02	-2.478471e-02
9.551501384703442e-01	-3.179749e-01	6.820251e-01	1.013067e+00	2.425382e-02	2.425382e-02	-2.425382e-02	-2.425382e-02
9.571032634703442e-01	-4.316410e-01	5.683590e-01	1.013113e+00	2.349616e-02	2.349616e-02	-2.349616e-02	-2.349616e-02
9.590563884703442e-01	-5.388149e-01	4.611851e-01	1.013159e+00	2.252274e-02	2.252274e-02	-2.252274e-02	-2.252274e-02
9.600329509703442e-01	-5.894589e-01	4.105411e-01	1.013180e+00	2.195946e-02	2.195946e-02	-2.195946e-02	-2.195946e-02
9.610095134703442e-01	-6.378844e-01	3.621156e-01	1.013201e+00	2.134784e-02	2.134784e-02	-2.134784e-02	-2.134784e-02
9.619860759703442e-01	-6.839091e-01	3.160909e-01	1.013222e+00	2.069012e-02	2.069012e-02	-2.069012e-02	-2.069012e-02
9.629626384703442e-01	-7.273597e-01	2.726403e-01	1.013242e+00	1.998873e-02	1.998873e-02	-1.998873e-02	-1.998873e-02
9.639392009703442e-01	-7.680726e-01	2.319274e-01	1.013261e+00	1.924626e-02	1.924626e-02	-1.924626e-02	-1.924626e-02
9.649157634703442e-01	-8.058947e-01	1.941053e-01	1.013279e+00	1.846547e-02	1.846547e-02	-1.846547e-02	-1.846547e-02
9.658923259703442e-01	-8.406836e-01	1.593164e-01	1.013297e+00	1.764924e-02	1.764924e-02	-1.764924e-02	-1.764924e-02
9.668688884703442e-01	-8.723083e-01	1.276917e-01	1.013314e+00	1.680059e-02	1.680059e-02	-1.680059e-02	-1.680059e-02
9.678454509703442e-01	-9.006499e-01	9.935012e-02	1.013330e+00	1.592268e-02	1.592268e-02	-1.592268e-02	-1.592268e-02
9.688220134703442e-01	-9.256016e-01	7.439839e-02	1.013345e+00	1.501875e-02	1.501875e-02	-1.501875e-02	-1.501875e-02
9.697985759703442e-01	-9.470696e-01	5.293041e-02	1.013359e+00	1.409217e-02	1.409217e-02	-1.409217e-02	-1.409217e-02
9.707751384703442e-01	-9.649730e-01	3.502700e-02	1.013372e+00	1.314637e-02	1.314637e-02	-1.314637e-02	-1.314637e-02
9.717517009703442e-01	-9.792445e-01	2.075552e-02	1.013385e+00	1.218486e-02	1.218486e-02	-1.218486e-02	-1.218486e-02
9.727282634703442e-01	-9.898303e-01	1.016970e-02	1.013396e+00	1.121121e-02	1.121121e-02	-1.121121e-02	-1.121121e-02
9.737048259703442e-01	-9.966906e-01	3.309377e-03	1.013407e+00	1.022905e-02	1.022905e-02	-1.022905e-02	-1.022905e-02
9.746813884703442e-01	-9.997996e-01	2.003725e-04	1.013416e+00	9.242010e-03	9.242010e-03	-9.242010e-03	-9.242010e-03
9.756579509703442e-01	-9.991456e-01	8.543876e-04	1.013425e+00	8.253767e-03	8.253767e-03	-8.253767e-03	-8.253767e-03
9.766345134703442e-01	-9.947310e-01	5.268961e-03	1.013432e+00	7.267989e-03	7.267989e-03	-7.267989e-03	-7.267989e-03
9.776110759703442e-01	-9.865725e-01	1.342748e-02	1.013439e+00	6.288339e-03	6.288339e-03	-6.288339e-03	-6.288339e-03
9.785876384703442e-01	-9.747007e-01	2.529923e-02	1.013445e+00	5.318454e-03	5.318454e-03	-5.318454e-03	-5.318454e-03
9.795642009703442e-01	-9.591604e-01	4.083954e-02	1.013449e+00	4.361939e-03	4.361939e-03	-4.361939e-03	-4.361939e-03
9.805407634703442e-01	-9.400101e-01	5.998991e-02	1.013453e+00	3.422342e-03	3.422342e-03	-3.422342e-03	-3.422342e-03
9.815173259703442e-01	-9.173217e-01	8.267827e-02	1.013456e+00	2.503153e-03	2.503153e-03	-2.503153e-03	-2.503153e-03
9.824938884703442e-01	-8.911808e-01	1.088192e-01	1.013458e+00	1.607782e-03	1.607782e-03	-1.607782e-03	-1.607782e-03
9.834704509703442e-01	-8.616856e-01	1.383144e-01	1.013459e+00	7.395516e-04	7.395516e-04	-7.395516e-04	-7.395516e-04
9.844470134703442e-01	-8.289473e-01	1.710527e-01	1.013459e+00	-9.832011e-05	-9.832011e-05	9.832011e-05	9.832011e-05
9.854235759703442e-01	-7.930890e-01	2.069110e-01	1.013459e+00	-9.027281e-04	-9.027281e-04	9.027281e-04	9.027281e-04
9.864001384703442e-01	-7.542456e-01	2.457543e-01	1.013458e+00	-1.670693e-03	-1.670693e-03	1.670693e-03	1.670693e-03
9.873767009703442e-01	-7.125635e-01	2.874365e-01	1.013456e+00	-2.399374e-03	-2.399374e-03	2.399374e-03	2.399374e-03
9.883532634703442e-01	-6.681995e-01	3.318005e-01	1.013453e+00	-3.086077e-03	-3.086077e-03	3.086077e-03	3.086077e-03
9.893298259703442e-01	-6.213205e-01	3.786795e-01	1.013450e+00	-3.728265e-03	-3.728265e-03	3.728265e-03	3.728265e-03
9.903063884703442e-01	-5.721030e-01	4.278970e-01	1.013446e+00	-4.323572e-03	-4.323572e-03	4.323572e-03	4.323572e-03
9.912829509703442e-01	-5.207322e-01	4.792678e-01	1.013441e+00	-4.869805e-03	-4.869805e-03	4.869805e-03	4.869805e-03
9.922595134703442e-01	-4.674015e-01	5.325986e-01	1.013436e+00	-5.364957e-03	-5.364957e-03	5.364957e-03	5.364957e-03
9.932360759703442e-01	-4.123116e-01	5.876884e-01	1.013431e+00	-5.807213e-03	-5.807213e-03	5.807213e-03	5.807213e-03
9.942126384703442e-01	-3.556698e-01	6.443302e-01	1.013425e+00	-6.194958e-03	-6.194958e-03	6.194958e-03	6.194958e-03
9.951892009703442e-01	-2.976894e-01	7.023106e-01	1.013419e+00	-6.526783e-03	-6.526783e-03	6.526783e-03	6.526783e-03
9.961657634703442e-01	-2.385886e-01	7.614114e-01	1.013412e+00	-6.801485e-03	-6.801485e-03	6.801485e-03	6.801485e-03
9.971423259703442e-01	-1.785897e-01	8.214102e-01	1.013406e+00	-7.018082e-03	-7.018082e-03	7.018082e-03	7.018082e-03
9.981188884703442e-01	-1.179187e-01	8.820813e-01	1.013399e+00	-7.175806e-03	-7.175806e-03	7.175806e-03	7.175806e-03
9.990954509703442e-01	-5.680390e-02	9.431961e-01	1.013391e+00	-7.275217e-03	-7.275217e-03	7.275217e-03	7.275217e-03
1.000000000000000e+00	-2.449294e-15	1.000000e+00	1.013385e+00	-7.326857e-03	-7.326857e-03	7.326857e-03	7.326857e-03
